1000
394.382935 798.440063 840.187744 783.099243
197.551376 768.229614 911.647400 335.222748
277.774719 628.870911 553.969971 477.397064
364.784485 952.229736 513.400940 916.195068
635.711731 606.968872 717.296936 141.602554
16.300571 804.176758 242.886765 137.231567
156.679092 129.790436 400.944397 108.808800
218.256912 839.112244 998.924500 512.932434
296.031616 637.552246 612.639832 524.287170
493.583008 771.357727 972.775024 292.516785
526.744934 891.529419 769.913879 400.228607
283.314728 919.026489 352.458344 807.724548
69.755280 525.995361 949.327026 86.055847
192.213852 890.232605 663.226929 348.892914
20.023048 457.701752 64.171318 63.095837
238.279953 902.208069 970.634094 850.919800
266.665771 760.248718 539.760376 375.206970
512.535400 531.606445 667.723755 39.280342
437.637604 930.809814 931.835083 720.952332
284.293427 639.978821 738.534302 354.048676
165.974167 880.075195 687.861389 440.104523
330.337128 893.372437 829.201111 228.968170
350.360199 956.468201 686.669861 588.640137
657.304077 923.969788 858.676331 439.559906
398.436676 910.972046 814.766907 684.218506
215.824966 950.252380 482.490662 920.128235
147.660019 641.080627 881.062134 431.953430
281.059418 786.002075 619.596497 307.457855
226.106628 276.234680 447.033569 187.533112
416.501282 906.803894 556.443726 169.607086
103.171188 760.475220 126.075340 495.444061
935.003967 684.445007 984.751648 383.188324
368.663544 294.160370 749.770874 232.261536
244.412735 732.148499 584.488525 152.389801
125.474899 745.071411 793.470398 164.101929
74.529800 521.563354 950.104065 52.529259
176.210663 797.798035 240.062378 732.654419
656.563660 759.734863 967.405151 639.458374
93.480476 520.210083 134.902420 78.232140
69.906395 819.677307 204.655075 461.420471
573.318604 157.807129 755.580872 51.938816
204.328613 889.955627 999.993591 125.468475
54.057575 870.539856 997.798950 72.328796
4.161609 593.892151 923.069092 180.372269
163.131500 913.026672 391.690216 819.695190
359.095367 579.429993 552.485046 452.575836
99.640060 757.293823 687.387390 530.807983
304.295166 877.613770 992.228455 576.971130
628.909973 747.802856 747.809265 35.420906
833.238525 873.271362 925.376526 831.037537
743.811218 983.595703 979.434143 903.366333
497.258514 830.011841 666.880310 163.968002
76.994682 649.706970 888.948730 248.044113
229.136978 700.619934 629.479736 316.867157
231.427948 633.072205 328.777039 74.160973
223.656418 971.465698 651.132080 510.685974
280.042023 719.268555 546.106873 113.280556
471.483429 944.318115 592.539917 450.917572
336.351135 434.513306 847.684448 3.231460
344.942963 833.243286 598.481323 233.891708
482.950256 481.935822 675.475952 304.955688
182.555801 621.822815 712.087280 40.864304
413.983734 673.936462 695.983765 637.640198
184.622467 627.157837 347.115875 609.105896
328.374451 740.438477 730.729370 202.212784
684.756531 653.130371 920.914368 257.265472
87.643631 877.383972 532.440979 260.496948
93.740242 361.600891 686.124939 111.275627
576.690491 666.556580 593.211487 288.777771
288.379395 329.642090 775.767273 189.750992
3.578574 827.391174 984.363220 331.479065
188.201035 958.636963 436.497009 918.930420
699.075378 685.785767 764.871399 121.143166
383.831940 943.051270 774.273499 916.272949
203.548218 793.656799 861.917114 548.042053
297.288452 909.642944 904.932495 873.978943
498.143921 273.911163 576.199524 162.756744
492.398834 848.942139 864.578979 463.662140
291.053284 684.178406 495.977417 180.421234
139.058197 603.108826 727.550293 492.421722
724.252014 221.965530 838.133545 178.207520
121.258781 360.442596 498.525482 138.238464
324.806976 908.484619 931.895325 622.095459
818.127625 496.074402 836.827759 334.971710
394.327148 608.882874 658.831177 258.906128
72.545006 647.207397 151.229980 107.848282
288.269531 331.385834 363.598297 91.148575
427.327728 583.570312 934.494690 265.461334
658.746643 487.426880 761.777832 157.272110
625.665283 517.714722 883.036621 207.843582
426.199371 829.939087 557.560608 394.388367
244.326996 729.360046 326.013489 638.654175
338.242920 897.560242 984.844604 136.074615
5.408548 783.281982 410.787933 774.386230
114.667809 865.534851 293.678070 721.005798
49.162460 986.467102 449.105103 707.909119
210.882919 865.181213 473.893982 93.919510
99.559303 657.119934 382.895935 301.763092
131.702133 53.422295 809.095337 51.508286
457.715607 692.076416 780.868347 442.560211
119.111282 578.634888 589.636658 529.899231
361.916840 888.723328 595.045288 304.285461
169.820267 609.729126 476.584656 525.747131
596.196228 829.808289 618.925415 233.656219
70.090202 923.727783 98.837418 169.649490
225.490906 826.769409 481.733337 290.828674
357.193054 814.908691 878.277710 344.250946
36.327400 778.257324 659.146057 257.468903
625.964111 308.156555 836.103760 221.009354
198.020599 674.605225 612.442017 109.732689
719.461792 401.187653 782.262268 200.352356
315.658020 385.748230 434.008575 230.995956
154.723770 555.397766 532.845947 14.579344
380.214661 737.407715 382.167175 305.407990
260.444855 919.590881 649.658997 552.316345
685.986328 697.848206 809.785278 311.950470
6.004773 843.909607 645.889038 532.959839
618.446777 518.514893 642.692505 400.709045
362.154327 801.896667 718.867249 677.812317
32.892651 685.721802 152.875793 63.560596
187.616409 700.301086 618.958374 567.831116
1.125480 305.238800 5.709142 261.570343
655.368103 341.354462 857.555237 181.161209
667.340515 653.304932 879.009399 313.229553
186.264786 503.460999 885.014221 157.139175
675.654053 904.170044 828.957336 191.111633
394.521301 868.924011 706.066711 547.397095
738.959351 926.575806 932.484619 233.118896
551.442932 552.568420 933.419983 494.406891
799.645752 814.138733 939.129150 594.497253
657.200928 935.851746 995.299927 324.541412
589.156677 759.323608 874.309387 637.770935
775.421448 604.378784 794.910156 262.784576
166.954605 865.085510 470.564209 795.490356
664.414429 611.980713 873.021362 412.482574
596.899048 538.556519 645.601501 148.341934
32.963394 700.910339 579.021484 518.150696
515.049072 489.809998 832.609131 112.647942
48.499680 814.351440 510.349030 384.658386
452.122375 413.077820 637.656372 143.981995
247.032532 717.596741 406.766571 17.456602
573.721191 582.682251 812.947021 446.742523
477.361420 74.260429 995.164856 58.723244
597.279785 222.602371 640.766296 219.787842
630.243164 737.938538 923.512695 462.852234
438.561798 952.662231 850.586487 948.910828
767.013672 536.742493 899.086121 333.569214
219.136063 949.820312 477.551208 466.168579
884.317810 458.038971 967.276917 183.765350
766.447632 904.781494 780.223938 257.585388
761.612427 402.378754 963.504761 331.845795
554.448181 622.166626 560.784546 191.027664
360.105133 916.522705 477.960876 653.879944
210.691559 865.433533 606.542175 109.777687
199.002731 646.520203 373.555847 592.691895
596.340515 560.871765 676.553955 58.860493
242.625839 343.841370 563.617432 18.910755
9.073436 770.685852 923.692261 601.426697
887.197021 447.981537 933.272522 173.064651
487.720703 965.681580 795.231262 639.009155
155.336380 882.204224 292.889130 366.027954
747.637756 475.805634 899.431274 272.987122
122.325813 865.679016 946.640503 623.194458
718.666321 282.283752 924.539490 184.066223
167.165359 626.125183 202.976974 176.238785
126.669243 946.924683 227.551880 13.866257
119.989319 648.545166 160.824417 461.847778
100.856972 614.226685 915.220581 70.556969
393.746063 436.584930 496.430969 293.177368
244.068726 566.164490 912.390503 190.709213
34.716358 813.903687 431.843506 753.382690
356.383026 523.548340 997.969849 35.666439
200.946869 699.787109 661.791565 327.616119
646.711853 341.482361 889.343445 50.167885
766.701172 698.713013 803.330200 681.921692
312.939697 752.478699 904.187134 297.933228
189.063614 591.110596 809.370667 53.439396
101.454155 244.148605 157.275101 136.170502
58.052284 945.501648 589.118591 889.553162
56.022179 469.050018 925.219666 256.969055
168.837158 584.585205 587.011230 476.354645
815.549011 582.250122 926.067505 526.522583
225.235565 633.584839 729.397705 264.171875
16.650581 931.518066 538.175293 347.545959
205.714203 400.985352 522.628662 307.168335
645.133972 443.338867 679.903748 269.022339
332.892059 759.208435 703.186279 214.523987
258.111694 845.122864 683.574036 16.177475
600.762695 667.960144 852.411133 321.477539
526.830200 256.227875 848.000122 250.210312
73.235664 889.812683 514.382202 611.410889
531.032715 958.956909 821.330811 736.746948
343.959442 43.915306 359.942230 23.863199
5.076203 708.262451 487.254181 292.885559
507.409576 467.470886 820.146179 78.257881
190.983551 923.380737 483.648346 43.394711
84.410995 711.354858 244.858307 611.241150
92.858406 867.469055 961.565186 166.094070
475.947357 777.505005 757.281799 6.980115
578.612549 922.572021 736.461853 743.727112
96.404121 946.435242 787.642334 101.480324
239.320786 809.742737 274.896545 95.042747
277.213623 937.713867 746.730347 173.300629
96.681389 981.108582 760.862000 845.273010
341.539673 456.514191 692.463440 434.398071
323.983246 600.492188 654.028625 129.975983
81.265030 659.877625 377.997162 136.956100
114.459030 582.449585 880.683167 210.863159
528.884827 943.222107 668.325562 312.343475
122.086250 514.935974 768.205627 38.264835
211.565460 452.649841 399.299896 160.161896
308.246857 649.786560 433.758423 5.434890
126.221878 780.250488 461.949066 84.184647
684.676819 910.226501 785.932312 867.197327
47.182606 527.074951 62.673950 177.132980
109.524582 596.191345 927.865784 387.996124
638.409424 539.413391 700.339600 406.615051
577.678284 921.550964 822.425842 221.725769
374.200836 381.887634 789.243713 97.490570
387.322540 934.181152 807.959229 747.277161
831.461792 714.431641 849.271606 635.203918
516.138550 578.812561 624.658142 502.401306
29.476223 755.945496 671.840759 599.706543
139.000809 777.410278 143.941620 195.897873
735.311279 666.707092 844.281250 184.025284
105.576302 888.432861 312.989532 102.233269
270.320496 287.736389 479.777130 199.723846
657.643005 506.914673 947.000977 221.917542
778.462708 294.601288 936.349243 142.118576
561.007385 873.413818 644.519836 232.848129
629.359314 832.554626 673.996094 812.996887
28.452538 617.582214 773.300964 590.407104
763.763855 284.289276 774.432434 76.753380
172.722137 359.785858 880.008667 178.986633
378.710480 647.522278 443.042633 100.685677
325.711456 607.600342 869.439758 104.174179
749.718933 398.775482 805.789001 366.796356
272.189301 599.644409 394.238739 68.234818
432.199127 881.231689 901.548645 674.849548
460.651642 292.431732 471.638794 224.415482
246.071198 301.168854 576.721008 126.079918
480.155487 485.865784 749.443176 192.485794
133.388016 293.171478 858.865967 184.577438
2.827794 808.616760 900.771790 288.751587
650.490723 175.413101 687.527100 44.729469
775.057556 861.265015 959.716370 112.964287
207.256668 667.908325 994.195984 536.114563
465.834778 892.323792 828.546326 711.905945
193.492661 837.985901 405.267365 154.710495
323.851654 532.514160 673.648193 347.196320
457.239655 717.091553 640.367798 460.067444
5.843192 268.684235 541.139587 191.630310
444.097351 653.086670 693.370300 236.359772
219.154892 514.351685 349.324066 426.411560
50.466267 809.354797 343.520050 94.319878
879.012573 521.260803 986.643677 284.279938
180.136337 853.784485 359.246674 438.990448
683.098328 386.298645 786.186768 140.337982
103.390228 967.694092 426.554535 600.405457
109.233421 802.603699 869.089661 159.324417
313.187012 532.341919 395.684204 455.690369
745.008301 958.753479 970.042114 88.528305
20.508352 899.520935 53.073330 897.883118
39.717014 219.853363 419.143890 183.800873
622.791260 461.488892 778.390564 73.637856
408.978058 835.532532 459.936493 601.826904
202.232330 803.226685 563.326721 672.560181
71.322006 475.163879 962.551147 384.509003
358.235291 916.850952 930.854248 103.243576
875.604309 921.404724 900.896362 191.771881
89.654991 968.394714 928.677673 820.925659
4.726513 287.189453 508.798889 188.248047
261.885925 748.678406 627.517822 36.495876
350.505249 872.028442 721.822449 285.149200
552.737610 957.709351 675.255127 624.059631
432.873230 996.041565 637.806213 8.568615
363.727478 264.623810 925.419495 99.285118
291.056976 729.701599 801.023926 186.028534
6.954181 889.510864 380.711975 698.096252
11.680695 639.198547 886.344299 176.700333
148.230255 870.052673 925.378662 675.694397
275.883972 828.621582 547.722839 155.201874
112.911209 860.784241 222.977966 452.681152
461.249756 909.511902 545.784424 856.825745
386.669281 187.693161 956.110901 174.135742
247.167877 917.394775 360.164276 627.879883
367.118469 517.390747 615.491028 378.799164
501.835358 650.065613 694.091064 17.997679
619.469788 895.353760 693.692078 520.118286
241.414902 723.975281 675.320129 464.392883
176.656418 334.015778 788.231384 325.177094
182.002853 243.527679 637.906189 24.575495
138.113739 385.281586 417.663422 212.268661
129.663391 144.946182 777.827759 13.161464
530.552185 523.745361 745.154358 246.989746
224.643265 897.055298 541.743042 844.112976
235.435104 739.466736 417.173584 476.850006
92.493736 941.242859 463.441986 880.725098
266.419983 278.004639 640.098450 214.740860
448.422852 586.536560 458.268555 302.580139
514.848816 971.818176 875.932007 653.759705
644.512207 798.705872 984.979614 389.666626
322.451233 740.175049 515.531860 636.656372
533.711670 584.288147 864.194275 99.629341
323.754852 576.479370 950.885315 43.379009
517.722229 924.104065 787.196899 427.295288
138.844955 705.299927 784.142212 232.565063
7.880084 819.101624 597.113464 473.045502
522.728882 167.241089 790.919800 126.805199
775.899414 556.907715 925.511047 291.431274
193.564056 112.156563 247.962311 31.606358
615.894409 678.160950 727.275757 211.785919
788.265259 726.846130 939.649292 721.539978
305.987488 154.141449 645.644043 90.129700
784.489014 381.602570 859.441406 322.694763
141.796387 854.648071 867.321472 390.050385
932.716187 708.615601 981.453247 557.291443
114.199165 154.926651 906.964355 0.046878
31.653233 267.083221 307.763214 35.038944
478.869110 713.199890 647.547729 587.197021
267.134369 573.121826 434.739960 314.043152
80.384041 864.873108 468.184631 663.251587
327.626007 246.475647 985.946289 194.947510
101.123718 584.997864 127.742706 60.458878
82.576973 989.541321 142.289337 769.074524
256.488525 564.251709 769.121338 144.467972
411.551178 599.290649 800.774597 448.322296
312.490601 157.554672 890.420288 35.519295
349.562469 827.614624 747.230591 730.676514
393.928101 692.487732 817.747070 145.373108
379.874451 507.617126 938.963379 340.320618
40.087067 568.075989 925.318481 122.664040
67.607826 324.096344 337.150482 112.205345
106.271858 907.046448 256.673309 888.348083
487.638763 558.644775 668.224487 355.368744
390.888031 716.199463 800.129395 547.359924
446.876007 558.197571 740.450500 374.974548
67.462257 703.570679 840.804077 220.678543
6.425603 728.295654 43.891281 46.512672
296.371674 169.176712 969.209778 36.817596
281.382050 739.794006 633.522156 360.913940
249.262039 646.840454 538.055359 206.279861
2.209220 764.924622 736.900818 537.030212
393.097260 133.547760 481.124146 84.390167
459.364746 768.804260 928.000122 691.745361
395.316010 989.482849 526.826965 533.252625
439.207275 579.765259 717.778503 408.417084
14.150155 647.672302 748.941956 445.234650
30.324028 568.379395 806.148560 387.466339
34.306820 792.311401 55.410641 774.659302
36.516041 429.613281 539.583923 329.341644
20.708057 948.708191 413.731842 563.161072
254.906418 717.512451 873.096558 399.923553
650.222412 933.176147 706.995239 89.429718
424.773712 497.846771 512.941406 438.923889
261.883392 292.207428 943.081421 86.596214
474.062561 860.586792 749.230042 804.640686
508.369385 596.952148 635.246094 544.885376
174.830002 974.498779 926.293762 195.538071
340.025635 213.122208 537.659790 144.246262
792.566162 613.045776 861.758728 442.788605
546.221924 993.527710 568.753967 532.218323
30.065117 432.451599 59.163315 321.046722
519.047791 722.376648 973.146545 613.254150
473.840912 527.017273 993.110352 501.479736
109.086998 283.917023 123.969467 46.365185
20.863916 479.455078 50.263275 390.288910
558.523743 603.411133 623.701355 351.089905
216.456863 793.878479 485.460083 54.214043
326.096832 821.842102 762.678772 47.741756
356.161957 329.308533 480.193390 142.888779
756.142944 992.351562 999.241150 51.685150
229.983810 493.831329 578.702454 339.070801
540.196533 752.935242 702.671936 622.987793
102.442894 143.224121 561.060425 119.584137
726.144226 470.674042 746.635254 211.604279
264.552521 725.770874 963.092102 265.818329
313.560089 946.811401 590.649353 547.612976
690.501770 792.994629 793.753418 276.119873
327.805054 785.346191 446.644623 676.628418
279.177521 609.179443 906.507507 15.699240
638.687073 380.434448 819.374023 362.114655
505.338776 500.018585 741.129944 467.274170
251.974045 678.878418 970.692627 215.066132
235.245178 940.837036 944.696777 825.894592
258.256897 772.705933 488.449951 52.010319
48.825813 845.005005 178.951706 625.596375
376.630829 302.224792 630.351135 283.138367
317.924011 892.317810 909.528687 728.902710
254.432465 697.741028 956.611084 109.337151
609.355774 165.015182 759.771301 11.745296
580.048401 815.293579 843.893677 226.811432
167.648453 641.188171 788.590454 46.847286
413.894073 835.050110 656.098450 98.857613
462.719879 839.350769 943.862549 460.646484
574.213684 483.742371 762.871277 122.489098
14.806894 212.645065 80.795265 37.406338
269.239380 735.147339 321.982208 29.010630
900.162537 511.386322 931.337952 40.755928
267.567352 532.646606 744.056152 326.679901
435.215790 579.493896 967.868103 91.314224
381.762146 926.364380 678.351440 844.482056
387.010834 683.832764 622.213989 196.427750
149.882095 680.170105 806.321838 230.677368
821.128784 268.083679 892.815186 90.368134
3.231047 146.135361 214.797394 119.378761
160.134689 657.521729 903.393555 647.449707
427.702026 862.917847 984.201660 180.096298
759.590149 954.232117 952.069702 333.831879
437.941650 178.313919 880.596436 60.155674
267.607300 417.489380 862.146667 256.583435
668.468567 648.166748 936.753540 489.597351
829.568665 579.965454 916.250488 44.366085
699.344238 822.875061 919.481506 190.501450
848.023193 470.324799 859.478943 287.181000
650.421082 784.294556 832.224792 150.098846
104.330933 847.952881 410.011261 118.126404
296.440338 908.108582 984.927429 252.534683
158.587036 827.055603 164.692001 670.024109
101.445534 931.014221 318.190826 316.652954
234.441269 975.380310 896.618408 153.922760
165.881775 976.797791 595.962708 455.441620
13.904923 846.129700 447.122620 742.622620
97.543732 630.424255 892.721436 507.554993
748.550659 981.979797 997.052368 355.507904
44.991009 234.514450 263.616516 203.578049
428.308502 529.754028 904.538513 30.633663
222.729340 460.768280 347.286621 457.170593
243.905060 839.867798 436.148590 611.093384
587.891235 615.935242 602.030334 295.309357
35.013844 462.065002 37.931957 132.557571
92.489273 927.705750 930.653381 640.112549
841.039978 909.685547 995.620483 886.030945
144.199997 687.545471 259.237000 89.609001
48.738518 271.467865 120.242668 217.299545
467.529297 728.638489 678.067810 711.434387
114.216415 716.246765 339.731873 551.302124
846.611511 962.636902 927.623108 332.182037
794.247009 815.196838 884.543396 95.194489
735.307068 742.902588 886.736328 727.776306
652.588135 990.164490 730.927551 613.807251
703.416199 845.526611 796.788147 677.710083
823.658936 291.188202 895.009583 116.994522
573.077454 687.293823 845.633057 2.622577
185.364853 403.540619 553.924683 112.987938
400.536163 285.079590 735.722656 75.624855
170.819336 416.706024 529.969666 100.276421
843.179077 637.053955 906.126404 144.482315
495.767181 627.218506 758.289551 292.555298
304.928558 285.364716 461.705811 138.081970
199.938156 773.015564 255.076492 576.552917
100.709496 460.309418 579.175537 286.074371
133.100189 533.636353 863.849976 399.062317
474.687164 818.715942 599.572632 129.542374
645.506531 551.632874 918.992371 546.248413
690.730774 257.938568 762.171387 188.686859
449.020294 910.726135 815.905334 550.493896
120.833916 320.772095 688.575867 196.090820
772.643738 93.787659 943.652344 44.361851
351.819275 484.919464 554.097046 330.436218
417.947113 18.555830 729.498535 17.519783
204.185669 849.692139 837.271790 147.062164
693.310608 518.435547 756.264160 401.325043
384.041351 833.061646 590.011902 776.374084
326.868011 743.787781 405.917267 526.751160
15.443869 959.096252 939.878601 847.523254
712.522339 64.341583 941.310913 3.458079
333.894287 913.355103 495.407990 549.261047
63.392811 930.874878 567.816833 267.578491
77.937050 161.352814 405.088654 117.270630
518.595703 679.788330 771.247620 155.288986
108.607590 988.350647 456.162476 514.524902
732.138306 798.474365 783.030518 41.276047
672.016907 757.570557 888.799316 384.539215
761.028625 448.880798 830.110229 325.518219
94.922966 238.873322 998.141907 158.315781
169.748199 971.047424 565.958740 425.894257
247.685257 132.400208 543.164856 18.932901
61.760551 174.221893 812.188538 170.368149
162.572510 684.893005 268.351074 51.381573
726.169067 849.855957 894.710815 566.727783
607.426514 951.267029 614.968384 445.078583
368.455200 770.596802 400.147797 463.378174
9.470133 964.248413 398.289642 621.693970
47.588196 935.295837 179.218338 426.903595
67.696022 652.513611 590.753052 445.836487
620.058350 822.881775 879.884583 148.235672
507.774780 677.341675 782.630859 199.617249
49.473194 848.912170 233.943817 244.069489
195.336472 293.990753 656.899780 25.354931
64.587570 993.773926 595.484253 488.733124
74.057709 958.022278 110.427055 253.276047
158.015259 748.768311 893.318115 680.179626
126.016129 840.898743 961.014099 401.281952
224.163712 989.134460 746.074524 528.705383
188.751648 965.882324 731.938477 206.047104
238.224854 895.124573 450.116608 814.794495
108.785233 920.479492 645.453064 240.937332
173.372803 247.430496 409.212616 234.711243
192.733551 677.654907 519.639648 500.706543
86.051659 426.423218 180.886185 47.065784
306.902313 887.964478 827.705139 52.976814
51.868877 783.807312 877.098938 581.682190
65.850563 749.689636 787.729248 304.075409
237.845886 883.298950 564.484131 199.199982
119.679474 846.642212 673.269409 124.236267
358.947510 94.072678 528.892090 48.531742
551.681091 726.186646 594.779236 637.732727
152.609863 684.798523 775.665405 82.567726
572.763000 135.544540 980.315002 32.183922
449.861938 815.991272 717.226746 515.712524
504.955994 819.787903 565.680908 742.801880
18.987888 803.434448 130.165070 626.100830
138.667358 667.559448 750.337097 650.076538
109.284637 716.091187 744.149292 660.965759
338.928528 298.698456 442.277863 114.593925
594.887756 575.202759 983.496948 197.161667
332.706207 607.386658 556.260010 6.121951
49.932930 554.888977 423.377960 521.834412
341.622345 297.690826 989.058899 119.223961
360.610260 922.658386 923.791687 499.277618
572.734985 783.413452 674.128845 166.837067
316.884247 655.812744 882.928223 444.379150
325.206116 920.093750 743.077637 770.406738
726.574585 495.296539 967.568359 282.834625
102.683228 350.207489 300.274536 288.956543
526.061157 905.096436 810.791016 515.120117
152.413376 634.344055 202.787277 513.023621
126.578972 800.707764 557.002441 12.301262
129.737411 584.121216 179.138336 446.621643
28.500381 387.272675 62.066586 102.434425
771.578003 498.152618 872.841125 307.366455
802.663025 780.987183 840.409485 140.684021
69.943771 490.891479 905.346191 431.407410
395.987915 946.527466 880.734802 33.148174
580.871521 725.354187 598.775208 546.171814
137.873932 526.061951 558.473022 267.611328
110.183174 799.677979 737.611389 714.232971
138.683563 910.261597 816.667419 186.950668
494.317139 529.918030 689.508545 408.414154
189.401352 670.602051 296.980133 202.326401
161.493530 633.733826 259.345154 140.079926
557.481445 173.228104 580.261292 156.256668
161.132812 881.610840 719.399902 299.006775
277.872986 566.618103 407.672791 15.484392
280.851074 815.162354 517.855957 656.539490
2.113048 787.027039 97.518494 566.801086
496.430176 793.410339 975.215210 316.945038
164.616577 995.736694 987.547119 423.961731
149.040588 706.522034 629.470520 564.041687
209.731857 862.778748 737.269775 370.864685
456.669647 734.542664 744.389526 669.871460
152.062347 750.027039 236.489517 669.918274
517.340576 614.859131 565.189392 326.457794
567.302490 401.886108 893.258850 63.732655
718.831177 857.143005 868.474060 33.090660
706.378235 855.418823 852.879761 457.052368
21.094023 692.082153 482.350281 561.940918
424.719604 215.033432 758.363770 62.946835
169.109161 949.576050 732.818237 321.171478
699.603149 991.089844 969.307800 486.648376
264.792542 832.095032 317.547607 101.507446
210.806473 895.827637 503.393585 79.280548
222.224731 928.602905 752.970703 112.371208
569.423584 784.021790 605.850403 88.200706
345.962677 780.282837 590.517578 348.881378
770.682251 939.791443 843.229736 563.914795
513.490845 545.355713 576.047974 260.962921
213.093994 477.886536 252.052719 32.004089
133.511536 780.406860 569.600342 309.981567
205.809219 859.687378 636.905090 859.129822
958.779846 787.732788 972.058594 564.630249
541.482178 652.830994 571.754578 131.999756
433.113831 688.399475 917.717224 480.881134
44.795929 852.391479 276.343536 628.190918
558.286804 771.380798 889.153809 397.747192
141.206589 710.806946 429.751282 249.267319
559.248840 491.213776 563.262817 200.167923
350.901123 723.837952 765.058105 59.297749
322.959686 864.441895 847.030518 288.468262
418.785065 996.441589 941.299255 336.502289
374.413116 650.756592 477.322723 24.901785
522.118713 503.148071 653.092712 80.405472
542.246582 851.786255 900.895325 683.453125
101.053596 893.909424 330.646576 394.260101
660.302490 425.360565 885.473877 94.077316
153.375061 559.334717 236.374985 149.198532
0.405591 423.776520 437.666779 419.190674
378.966034 755.692932 420.218140 753.379150
780.594788 419.659515 897.540894 404.135773
433.687439 975.934021 907.283813 500.065033
351.851288 659.387146 808.179138 138.825729
53.647278 113.207336 452.904877 32.735115
126.812431 538.567871 939.121155 175.496124
280.187500 734.830811 687.766418 280.593109
125.433205 699.783752 158.607315 504.399231
455.476746 476.366302 578.825500 257.778412
236.071487 896.025818 661.914185 669.758911
396.090820 645.692932 569.197998 377.377197
305.080109 516.202942 747.942139 200.847000
358.727386 314.054352 548.938049 297.848541
675.750427 955.937988 852.622192 473.344696
208.175476 665.821838 540.388672 236.531052
366.782776 945.608276 936.314819 170.221100
391.791534 627.862976 427.999512 421.974579
89.913658 659.111694 318.000397 297.621948
714.091248 462.033356 943.314880 36.488853
248.395020 662.880371 552.691772 607.122437
101.629761 904.971008 976.934753 777.380249
378.315643 733.318176 829.556946 369.945587
586.491150 953.273926 969.849243 35.767452
205.988556 898.882141 906.164062 297.955536
320.856720 925.818542 633.988098 723.901672
223.440506 383.013397 638.857117 352.948364
166.755402 814.981750 419.502258 415.150421
477.862122 73.823769 972.194031 22.272879
454.796844 851.203979 927.243896 284.353790
305.559509 892.050659 584.522156 654.299377
554.371338 845.324585 690.066833 460.535370
744.206787 758.490906 896.055420 530.043396
65.063515 703.920654 684.309509 253.945145
636.958557 74.505440 907.750000 56.869030
56.460785 489.655884 871.850769 28.654783
349.712921 804.509766 511.928741 102.478546
439.172638 744.732117 953.682556 88.863548
538.204651 636.782837 743.162903 92.576050
433.229767 553.111450 482.107422 329.285156
226.314224 859.328552 311.602386 291.377716
113.273735 995.298401 995.911926 903.661926
52.167408 978.167358 750.232300 806.693054
467.823242 835.347839 924.018188 273.731110
937.826416 418.924622 979.752014 78.240883
167.104431 429.713593 891.508911 163.656769
800.439575 522.289612 910.267334 343.497131
75.401085 672.782227 282.547028 508.861237
387.003448 800.238953 532.110840 382.915344
645.384583 395.616852 795.537354 286.577240
264.744598 771.722961 847.704773 202.309921
37.657772 712.319824 732.567871 45.454079
123.694954 866.993042 975.484192 131.244431
290.799408 296.706696 294.901215 201.066757
95.340820 544.563904 818.996399 377.887848
217.346161 886.749084 894.397461 281.400879
686.988037 664.316223 749.457031 394.841614
482.525452 790.458435 950.893433 330.230164
215.638092 948.205933 992.768433 101.953140
30.426159 660.525757 147.407211 5.910327
271.102203 872.903381 791.770142 561.901550
86.671394 762.968384 169.610107 182.012222
307.532227 883.003906 988.606445 559.900024
446.649170 274.335388 524.878357 164.404800
133.637253 669.177002 828.721069 616.162659
459.635468 995.252625 779.614502 946.392822
48.346004 943.458557 452.403839 482.829987
195.753235 488.740326 603.984314 466.855408
361.643738 482.425873 395.754456 28.756981
531.253845 664.438049 791.725342 519.860352
99.257545 624.135925 224.338150 402.864258
567.269043 898.471313 670.987305 804.624573
395.990082 420.787231 567.648315 175.604599
27.283766 479.687592 367.180115 170.857208
114.315742 962.517639 415.526123 611.279297
451.257935 114.054482 718.300049 78.134735
106.891724 596.480286 812.901672 344.155548
260.918396 997.874573 898.617004 864.015869
266.880127 622.010559 485.256561 156.243896
520.481812 960.868469 834.149170 230.139221
88.130150 405.743835 381.655701 115.413910
576.601013 595.101562 748.835815 164.361908
557.619080 775.641235 690.916748 409.216797
8.877054 821.778687 853.776001 523.271240
119.751610 859.284729 960.667725 165.934280
29.950150 865.926575 380.670013 857.159302
296.830261 130.979416 479.169861 22.170469
983.038879 361.118652 999.651672 87.781837
364.694611 203.195755 766.862488 113.530426
343.463531 277.892365 798.297302 34.380314
53.533588 443.597107 355.916382 364.793457
907.309570 867.977234 966.868408 186.572174
86.620003 727.262024 352.506470 467.290009
382.456604 679.286926 584.421387 333.216614
63.591240 810.266296 355.387085 63.242928
171.384964 703.120667 338.425995 151.024780
354.220520 816.651062 938.247437 281.710968
94.543388 508.434174 152.517792 316.091309
148.076981 873.227661 759.688354 55.386559
59.799812 923.363892 726.556763 813.176819
412.306244 794.762878 650.625854 280.466827
235.047287 474.049744 613.683411 298.638519
284.316040 361.881439 969.070496 307.496490
455.700989 393.948425 512.906189 10.617122
827.268188 675.659424 867.126770 19.644529
921.811584 528.078735 991.750732 69.888550
401.306366 477.995880 751.439087 125.275108
48.638950 873.412415 461.106140 291.172668
571.639465 934.312134 699.264832 668.175293
142.225021 232.950638 185.322906 154.393402
426.541046 882.242004 594.832092 461.889893
107.738312 974.864990 472.507019 276.190460
299.775177 994.509583 951.849854 221.586761
522.588318 695.039673 943.600586 291.475281
416.750397 385.000793 923.894653 173.035553
464.208221 258.413239 465.389374 164.654190
35.847698 221.170609 926.588501 98.966324
68.813522 495.354584 331.916962 375.563995
837.453918 377.596619 926.749023 34.487362
309.960938 609.736145 653.787048 9.352410
3.861987 831.322876 605.636963 549.237549
122.798172 450.344910 526.450256 244.277206
417.312775 835.345703 539.548584 4.937937
93.758926 917.368652 881.520996 169.592148
20.347431 138.539276 268.558472 89.160965
514.103271 584.515564 600.475403 527.224487
351.557159 661.518066 962.112183 561.711853
571.064209 271.254211 615.899292 221.536255
102.577087 770.773804 574.926270 101.376518
15.051023 764.923889 225.375259 551.721436
387.067139 769.861755 432.363770 313.884766
480.826080 501.173492 939.453918 231.253433
208.012375 808.487854 369.792694 590.334473
174.850006 335.712280 883.895996 235.453156
136.962173 896.971313 897.424072 752.861450
168.225464 974.397705 468.488373 43.414616
270.802551 496.177826 745.171570 144.791122
696.512573 261.101654 760.222534 192.586334
30.963451 564.405823 83.579704 506.471100
737.724487 178.429749 970.417358 65.579277
107.517220 991.413147 655.913757 986.917542
322.629852 967.725952 830.763733 226.866364
123.837616 720.587402 220.053955 688.542297
292.063080 731.956970 694.985107 562.865662
440.156647 200.379166 876.748108 59.043476
320.145142 656.840332 573.260681 392.965485
351.108582 321.525970 899.436584 221.246124
286.825378 744.678345 637.161072 499.955719
486.873260 773.502869 942.739136 736.091492
809.503052 741.228821 962.957886 29.557053
86.795479 718.099365 461.816223 378.858582
156.801331 941.724243 450.056335 596.957947
0.767693 900.065063 326.804413 797.337097
190.302612 672.021423 320.912842 556.905396
89.739197 993.547363 778.151489 726.900269
64.976921 471.578613 493.503082 7.716065
207.670105 789.879456 980.376343 781.218933
170.627960 819.436462 522.447754 257.423462
537.535889 636.282043 984.264038 141.065323
578.006287 738.023254 987.592224 314.396606
535.360413 899.686768 578.773926 214.461685
725.663025 815.402222 771.367065 571.708191
549.518555 614.495544 565.255554 542.302490
13.881107 622.211548 58.758690 39.135052
221.551208 829.014465 403.430542 392.179199
648.451050 910.142334 925.878357 649.602661
185.986908 173.579147 285.884674 51.207680
789.230957 487.975769 863.890869 442.664856
324.591370 342.351624 702.437439 50.254395
473.804535 865.656616 914.059814 23.323126
407.959137 637.818665 479.315430 538.074158
260.030212 643.391418 421.840210 577.209167
406.223694 589.339050 663.460815 35.570633
54.674690 499.481445 685.173279 240.661606
550.689087 834.948853 971.057922 414.240753
339.920105 664.511414 902.216492 277.613708
604.653931 714.765869 619.965332 78.458488
534.025208 101.781616 580.422485 13.340603
739.600220 551.414734 988.381592 410.221802
128.623886 663.091248 999.630493 53.613266
89.183899 589.522217 534.847534 252.430344
751.911804 830.183838 774.357178 745.415100
244.424576 642.520996 302.600922 580.364014
146.641098 751.295044 857.977661 307.032471
21.798332 829.753540 477.943024 11.968208
602.220764 590.602417 931.535095 25.308811
576.723511 670.765869 671.135437 0.824207
54.437473 333.857147 705.347412 240.194977
143.621368 917.978516 586.287476 829.717224
338.199310 663.393677 659.901062 640.800232
243.757614 283.321259 904.325684 50.966747
101.735306 802.261780 590.353699 579.678345
612.152039 591.646545 632.015320 214.372864
563.550476 804.975220 616.955322 234.685898
193.678879 905.451782 805.799438 899.026306
239.308960 139.221283 860.236938 3.858287
825.596436 921.836853 968.938538 163.795761
585.230469 804.596008 628.839539 533.165222
87.917236 930.723450 828.988098 584.131958
386.393799 510.401733 678.270935 290.423004
18.409107 581.959595 102.048309 504.795837
309.771118 912.682556 719.003662 816.645508
115.570557 975.807495 722.097290 811.708862
950.930176 979.665771 961.406250 787.002686
901.502625 950.798462 919.868652 548.708252
486.733093 315.721161 755.394470 81.873474
666.005432 521.582642 843.311646 246.444580
52.399239 812.005676 756.846313 70.808342
316.801544 652.767944 858.894653 577.898315
469.413422 742.143188 626.572693 490.580872
191.510727 717.950684 302.289764 152.916946
253.219910 939.919678 697.616455 173.088562
599.119080 721.796814 890.718079 85.852127
646.112549 489.424225 803.670288 401.573303
469.675751 522.075012 648.017883 11.006880
404.864197 592.883362 823.012512 263.758850
139.814087 841.657166 245.651260 766.386719
332.238007 906.575378 715.064697 508.529968
226.480652 887.747620 634.527832 59.492359
924.097107 523.216187 999.411987 60.836235
782.632996 609.068298 890.130127 536.242676
10.641579 55.979053 586.303284 25.666880
36.673759 578.054016 658.659485 63.523651
170.937363 999.500366 859.686340 327.282501
168.939651 765.887146 416.588623 131.653320
274.417114 135.705460 501.177673 38.228729
97.721092 424.994873 500.897766 23.453135
84.289368 987.263184 97.133102 948.210999
557.279358 523.505859 866.922363 453.225708
549.172729 509.204742 567.920898 226.580353
87.258812 445.532806 585.846497 290.104004
258.196167 674.784790 617.386536 445.033203
210.920349 806.438171 786.326172 287.503876
485.337433 986.235229 844.666809 423.209320
446.662445 411.230103 942.387939 39.521042
359.441101 397.874237 530.951782 26.784246
550.290100 851.099976 916.720459 484.641357
99.462837 711.221680 360.304718 685.309326
1.325727 705.759705 447.563538 130.842133
575.875366 405.038422 618.712219 380.544495
186.982620 692.542236 786.795654 272.133118
31.649464 974.037415 115.751587 258.368317
562.414062 93.365852 669.598389 13.558449
29.039509 945.759949 40.342697 491.240082
342.340027 690.095642 590.632812 430.401337
141.623016 375.404968 702.644714 150.208252
142.948746 855.967957 506.247101 761.661011
82.122429 868.918091 236.512436 166.699402
423.495056 455.144501 859.241638 141.051224
399.419556 537.407288 974.993225 429.181915
69.017937 630.773132 442.740356 98.057449
122.013229 73.715858 483.083069 43.817406
464.353241 763.811462 474.218719 166.997971
139.216446 758.790466 615.841736 317.206238
173.174164 727.585999 645.463501 520.451477
409.686584 833.181641 687.150879 596.504089
546.392578 521.385803 737.555298 288.326141
136.974854 205.992783 717.508057 58.793102
160.248428 643.331482 689.566284 304.050232
347.867645 717.047363 811.579468 275.932739
480.858826 442.930695 822.086304 437.928101
620.075256 265.538849 760.136902 196.718582
717.170044 993.124817 933.311096 342.997681
404.320953 950.713501 589.628906 176.179321
327.184235 472.099335 464.505463 464.159058
182.013519 670.151917 530.892456 342.261932
220.458679 985.593445 974.202087 32.038166
322.069733 307.970886 702.640747 144.156113
183.499619 803.574890 750.901550 582.084229
511.038544 444.349609 778.802795 69.113777
62.238613 900.293823 495.972870 787.347290
651.867493 979.051758 963.526611 851.007385
323.106720 610.045532 428.032074 443.210846
113.362701 952.307495 853.999146 74.457848
87.564804 409.634552 937.900940 106.496017
414.466919 824.041382 640.541748 553.790710
135.874863 676.407043 165.368515 627.616272
696.730042 410.650543 914.677673 120.756630
758.968628 410.836151 908.103943 310.944397
161.951797 389.887939 871.630554 299.662598
485.058502 909.708130 833.098755 339.057678
862.015686 413.515503 946.461426 34.026264
520.011536 443.660828 799.916626 440.458344
934.478455 264.499695 997.451477 99.846947
133.326355 776.254028 892.115967 48.004025
588.845947 458.654572 897.010620 347.814606
769.598999 758.650757 805.114502 676.745056
148.538727 976.407654 931.550781 416.609314
886.115784 928.098938 981.637451 755.666992
169.182495 962.125183 748.131470 548.048096
405.786041 988.506409 689.194031 623.672485
253.006165 723.519409 403.237488 536.563843
145.122101 733.968079 499.773376 584.567871
43.222458 201.898514 396.783966 81.782700
812.821472 878.643555 840.433472 744.372253
855.051208 970.609680 988.972168 160.981567
741.166992 898.708618 916.648560 489.298492
85.831055 775.025085 860.833801 37.346600
25.853058 669.857361 266.619873 398.697540
122.216965 423.981323 278.859192 206.421219
621.990295 157.949387 790.989075 18.774328
239.732086 647.033020 834.211548 220.672852
80.165588 391.405243 99.316429 69.137794
552.386841 695.534668 954.367615 39.747494
469.035400 554.866455 938.456116 184.833145
222.179733 329.891541 799.289978 65.909851
248.032806 735.767273 728.589050 526.892029
850.806030 950.873291 942.188416 472.796387
108.822708 567.389099 733.177551 491.570709
348.554810 428.720398 712.243530 214.422089
605.827332 765.927612 811.559998 497.858185
158.214203 627.249573 537.605713 461.462280
476.061829 275.351807 646.295410 182.116028
512.007507 341.261658 868.475159 116.507965
77.028870 643.399963 240.596634 91.402679
19.217312 752.394836 594.273254 564.199036
55.769772 319.783936 703.096008 51.650818
534.206055 579.573303 768.013367 480.371216
140.033386 345.500946 978.229431 298.247589
515.835083 991.896912 806.963196 925.497192
107.613174 321.733795 453.258636 267.248718
608.510376 860.217346 619.620728 438.241791
81.641739 951.620056 685.539246 704.756531
515.819092 457.151428 675.915039 379.011078
571.588867 430.661865 776.935364 339.602203
311.141357 919.175476 911.033081 451.174744
264.676453 749.422302 889.262512 405.097595
71.639671 524.898315 674.919434 396.994537
664.243225 846.632141 782.532654 402.153351
272.753632 958.292847 284.873871 262.370697
213.990768 663.049377 366.515625 42.430664
120.200836 421.441711 729.809875 301.398712
852.103577 641.000916 897.136169 208.277527
560.176453 659.452271 763.136658 652.399170
408.874573 896.492615 824.852905 57.496758
83.794029 866.326660 454.491302 421.390900
118.734520 391.488129 268.023010 268.480011
530.850708 919.412476 552.896851 349.781006
12.830434 961.843201 744.841431 474.651337
133.031265 776.050110 383.284882 30.167439
235.388474 998.525146 417.050995 238.444962
897.897217 802.080322 977.227478 650.924316
306.771820 698.572937 708.421082 390.565857
119.963829 281.646881 162.912354 256.892517
387.986847 940.883728 525.372498 673.135010
22.916010 860.296265 56.223240 801.064758
35.746445 275.716064 822.139404 168.777710
51.766136 440.812775 205.424301 198.945145
437.390106 446.044556 468.817139 439.337921
90.262238 642.059143 335.287354 248.124924
798.683289 961.595642 946.697876 32.625015
66.661697 454.648560 289.517517 243.242523
814.890015 871.113220 916.377563 395.532288
255.828506 975.039978 939.293579 672.177979
77.967918 283.392212 947.894043 143.817688
342.762817 724.205017 999.660217 468.477325
163.542908 914.521851 780.152954 115.440315
162.646835 757.499512 253.805161 52.488461
109.344696 176.006409 790.124512 14.084120
79.642029 894.532043 257.326630 630.654907
26.187216 765.645325 173.704163 112.997704
282.015717 359.983612 437.823303 88.037674
231.855362 643.375854 385.717377 385.377563
367.580841 853.854919 574.618225 354.771179
531.123779 784.928894 768.376770 470.211487
227.710983 837.417358 931.023621 40.368317
17.835487 216.374725 851.501526 97.477509
108.828133 992.009583 847.029663 282.532318
757.654907 395.530029 873.216858 155.232590
195.478195 581.195557 483.567688 515.216248
158.592087 966.573120 715.423035 290.041260
526.172913 644.812378 820.428040 57.296700
115.023911 842.225586 588.804810 519.828430
342.734863 560.196777 679.643005 360.570374
531.144470 639.972656 776.571472 458.047882
450.057434 922.504944 623.601135 496.817993
207.712341 652.050598 318.034943 403.190521
167.266830 984.386108 801.602600 517.025635
325.858917 852.031860 950.959229 807.066895
451.879364 909.328552 771.387207 360.192017
566.903320 909.638184 751.554199 880.020447
431.197174 962.341675 440.217163 270.208527
216.788620 840.389709 728.256409 602.314270
178.313889 386.026215 524.819214 337.207733
842.854126 789.216736 989.258362 644.456787
156.525146 482.384094 773.602844 161.482468
724.562073 495.949310 968.549377 334.415955
243.744507 987.332031 420.428741 856.141357
736.161682 896.970154 995.298706 426.495850
167.178711 393.167480 176.378891 388.837524
895.435120 233.557236 991.151794 73.749001
515.971008 459.775208 570.764954 358.825165
248.991974 716.548462 560.023315 3.281973
22.594816 747.156860 164.764435 198.932510
133.313828 553.742615 533.348450 243.106171
99.247482 772.391602 777.092957 541.074646
438.044800 198.887482 835.409241 11.788116
587.724976 500.658630 605.223450 404.955627
578.876770 574.407654 638.512878 94.847809
34.182827 769.301086 209.277832 453.673004
283.174774 485.849548 456.954956 305.769623
621.719421 755.033264 684.782104 52.926498
218.130508 995.223450 296.032654 308.775818
395.280151 767.615051 849.850403 230.689377
287.895203 893.118652 966.502563 242.477493
554.227600 393.777313 647.433105 133.104340
285.945984 495.223816 968.184875 227.952148
2.367735 285.542511 681.625122 264.524933
138.580109 760.299500 750.374512 591.312195
435.156555 653.287048 644.238647 515.332764
824.108521 648.510498 940.271301 335.551483
416.125641 961.854187 673.958984 566.240845
382.628235 936.855774 808.718323 854.972839
