1000
833.383972 396.495270 8.047894
792.471252 903.414429 2.777962
338.518311 762.864990 3.499973
552.890564 477.849121 6.659838
367.488800 513.132935 9.570067
907.871216 632.997498 7.455673
148.770508 604.829529 1.146705
248.029037 144.486938 8.237591
163.545517 402.925507 2.168114
116.632622 988.945984 2.964312
512.673767 832.329956 6.513759
300.110992 634.801208 5.718585
493.711334 963.319519 3.632651
765.930542 526.210083 7.929224
402.224060 883.698853 3.549833
355.409180 801.570068 9.271238
78.360176 940.340515 5.733958
94.334724 198.369568 6.969042
882.427979 351.915070 1.577542
29.622587 458.547699 1.567863
243.514359 961.221436 9.119873
843.901367 271.332428 5.857843
377.702850 755.043762 5.612819
664.369324 530.974304 1.353523
438.884857 923.198364 9.377288
716.533264 288.607544 7.646809
637.179260 356.967682 7.190753
172.654694 441.302429 8.920677
822.617065 333.730408 3.060714
885.504944 353.352966 7.180029
947.338867 586.867371 6.915736
851.502808 440.768707 9.315728
400.467926 808.471558 7.157967
902.752625 482.840851 2.942425
941.247314 911.725647 2.328940
873.440918 638.259033 4.887581
617.204529 285.438232 8.074018
311.308716 448.092926 3.034960
193.782455 280.709991 6.007994
418.171265 176.214951 9.161235
111.107758 133.553833 5.458997
755.265686 975.056580 9.415036
680.756104 385.524567 7.747938
371.290283 298.277161 3.090354
582.798767 249.524475 2.371508
727.505554 132.965393 8.141233
170.819885 740.169983 1.670768
941.101990 61.478676 5.694070
182.686447 245.261124 8.180182
728.001282 653.432373 9.706646
636.669189 754.540161 1.841324
142.204376 519.805908 1.704089
78.508270 210.561981 5.152784
813.283752 571.852234 7.800228
60.900040 164.650986 9.999942
210.242035 882.156555 2.129216
987.843018 62.976425 8.834858
80.882225 14.078377 9.307622
592.014343 186.764816 2.468184
393.856415 904.766174 8.377256
361.913452 551.435364 6.214870
453.524323 683.639648 1.896761
530.191833 752.147949 3.738656
982.383850 575.431702 8.898524
742.853088 626.331726 1.318788
742.846802 826.573792 9.328389
865.805908 824.416748 9.814907
738.934937 895.299011 9.852362
663.542725 497.313354 2.475712
823.411621 881.169739 1.692952
646.712830 253.083237 6.665318
234.554230 696.607544 3.851804
332.201508 236.799393 1.667449
630.410767 229.183289 6.860189
510.472260 962.036377 3.520378
545.184753 714.883179 2.019525
472.053772 590.689087 9.498863
451.899231 339.624115 8.629160
435.823029 13.166830 4.104486
596.511658 826.578430 3.105025
671.966431 483.291260 5.337422
308.856567 707.845520 2.643002
619.386353 50.047016 4.725854
692.064087 670.457764 6.738761
350.173553 190.930023 6.481953
624.614685 726.114746 3.955370
735.629700 208.168518 9.288229
681.061401 650.067749 3.315389
531.792114 95.890755 3.344472
869.836243 682.402405 1.843662
119.050117 364.368896 6.190215
591.347229 663.225464 3.599000
770.251892 292.611816 3.966779
195.955963 974.675964 1.032207
820.843323 334.849487 2.693810
437.767059 949.464172 9.270373
759.573975 695.093872 2.090288
682.070068 386.155304 7.968462
934.190247 907.947510 8.757254
209.477264 787.783691 5.932379
301.342682 896.833862 9.186787
866.499390 498.181030 6.185796
169.501602 278.432953 8.781211
492.550842 464.388916 8.640480
496.057861 295.232239 2.623791
680.494873 722.999268 2.251524
601.046631 492.573273 8.543202
719.766968 184.643372 2.997690
498.554962 128.833603 2.244146
363.233765 328.310852 9.387058
900.314941 619.653564 8.531450
811.765076 496.152924 4.014745
396.440613 655.654541 6.479946
263.727997 158.205383 1.652905
115.691315 644.263245 4.272385
292.504120 334.758118 1.820337
428.781158 925.804810 6.252133
270.152100 655.571716 7.856000
487.678345 164.126678 8.947330
623.151978 517.360474 2.870592
556.409424 427.675385 8.469452
396.500610 249.440460 3.934121
724.772827 635.881104 9.863602
341.478058 889.609009 2.224672
412.572174 15.300377 8.049538
768.898499 297.804504 2.032010
858.224121 716.585693 1.442462
450.123016 976.737793 7.371182
216.665253 474.416077 8.786631
102.041115 107.568115 4.446064
305.727814 653.977539 8.281858
139.068100 60.478119 1.480801
458.561279 775.250977 7.228688
443.709015 126.729057 6.306730
577.062134 529.301270 6.355407
364.678497 308.199768 8.998510
477.052948 176.423859 6.487562
525.232178 616.546875 6.365766
238.983093 823.212158 1.630812
106.860672 915.253235 2.526845
482.098694 230.981094 8.440925
295.012115 360.049194 8.904499
347.365936 808.610535 6.932315
45.600853 262.319519 8.004316
623.444824 829.381653 3.773409
226.589172 204.060181 6.511978
117.538033 671.113159 8.040360
715.072571 206.345306 4.610689
319.344879 435.328400 3.078964
388.033264 532.189026 2.392514
554.289795 24.287758 4.421932
384.523804 309.299835 7.636670
265.235962 646.665771 5.970847
911.199097 682.266602 8.288068
693.891235 315.711456 6.813002
15.884677 532.300598 8.595186
616.077820 639.838684 5.666634
402.694855 364.911255 7.469805
795.858765 674.256104 2.375882
42.234798 72.289383 7.171496
193.864075 616.579163 7.302710
566.474487 11.102970 1.051382
309.134033 266.338928 6.898313
850.404114 187.537979 4.072190
663.993713 871.429260 6.879745
316.964966 877.313965 2.676383
163.996399 503.391785 8.460616
672.140991 896.086609 2.720005
396.630859 701.945374 8.820316
546.449158 734.180176 9.392362
238.456512 918.044250 5.962986
924.751587 494.518738 5.973116
930.346619 793.652832 8.327249
592.607300 654.056885 9.957700
927.134705 328.050598 8.868784
587.373535 635.015503 7.833912
769.913025 789.011902 3.365061
602.291199 471.152924 2.502592
789.580566 857.783752 8.857192
661.126099 414.232941 6.507827
594.961060 642.689453 5.847009
155.375107 577.441101 1.296671
696.892151 517.787659 8.493483
514.748108 120.394981 5.408290
510.142059 57.529686 8.329163
386.965240 634.903259 5.069101
151.102356 414.816284 3.223293
408.631226 27.107470 7.458371
572.246765 806.688110 6.244140
447.807678 477.814178 9.956484
67.548782 82.775223 6.766897
595.334167 228.150314 2.978091
627.638306 915.042419 7.641447
463.595184 439.790558 8.655278
943.609009 939.932617 9.091775
761.673401 336.897858 5.830683
224.753342 478.000183 9.548383
466.845215 876.631470 9.705492
190.090042 458.878204 8.022016
761.118652 896.685913 3.318268
756.380188 954.234619 3.986612
404.331207 559.568848 5.990034
619.723328 197.207123 5.301648
362.903015 650.802368 9.248704
216.477722 604.411316 8.788902
117.582138 376.084717 2.791025
643.589783 590.838074 7.088985
594.413696 67.683281 6.047846
562.345032 247.773315 1.170197
346.964539 18.891968 9.313231
599.398193 765.272156 8.984774
924.607117 179.603363 5.031834
487.966278 789.326660 6.751082
956.367920 162.229645 3.636002
874.560120 368.707397 9.094882
742.684998 476.289520 3.456884
937.707703 129.879303 8.791111
620.730591 714.292969 9.320855
190.384903 286.638092 2.504488
208.917435 623.602661 2.586149
134.135864 233.000839 9.522322
23.588932 167.607925 2.079904
462.610840 645.574219 9.236985
108.839836 611.942139 1.635013
395.871155 496.502350 4.929264
297.313812 249.187347 9.211514
564.841187 196.895035 1.312447
433.206635 807.625610 7.780444
359.255371 988.010498 1.320998
523.077393 206.927933 6.956124
695.791382 331.063812 9.004091
643.777588 344.652710 1.451511
761.367126 797.263550 7.288417
678.283264 896.103394 3.816457
747.429138 301.974548 8.284336
195.282333 589.288391 1.480955
109.425072 164.129593 3.197338
143.447098 587.336243 1.522470
881.762146 936.591614 1.504200
916.715271 469.669006 3.312721
585.270996 175.460419 6.261267
476.827576 809.238037 9.334608
525.992126 580.605103 7.564579
230.730850 268.888428 6.702264
537.411804 26.317570 9.383663
350.595032 211.599915 5.703658
402.965668 311.024963 7.119134
642.231323 444.472107 3.421201
699.122559 336.234222 2.930716
754.024292 262.949463 7.152166
25.853926 838.220398 8.671700
598.747437 325.047974 7.011642
526.293579 841.040100 3.251893
261.103333 81.770950 5.629440
882.016479 609.182678 5.779294
814.904175 949.777771 7.630723
347.080261 362.743378 1.395238
33.385937 14.974679 5.385288
297.027863 704.097168 8.381315
507.261383 468.121460 1.704321
197.163879 483.975403 9.310427
52.526817 92.722778 3.203725
707.127747 609.016357 1.835726
952.333862 860.119690 2.494847
476.428406 752.136169 7.997545
16.840513 577.040344 7.628157
738.852539 914.120605 1.867637
781.889526 937.506531 1.913323
279.398590 244.534363 8.287685
103.141891 741.795715 3.494923
179.834610 928.959595 7.847758
104.747757 971.486450 8.607457
344.708893 688.614197 5.108628
435.710114 650.948059 3.915849
598.482361 137.376465 1.731385
380.437225 144.216980 6.938899
122.169853 873.069519 6.242046
216.645889 664.959045 5.759964
316.096619 934.357666 7.913851
129.644531 47.499542 5.634424
401.313904 217.334152 5.073849
166.958664 312.081909 4.903826
15.326193 646.790771 2.135997
462.710114 92.500954 8.022255
780.213684 680.983276 9.192039
859.853394 71.420471 1.424644
526.533447 183.590317 9.350792
117.334091 390.236206 6.365722
635.641235 696.332825 5.854721
408.482758 815.977295 6.199104
913.119995 227.291245 8.103193
376.716827 384.249878 1.877415
801.800049 389.576080 7.725494
925.497559 842.286194 8.483156
710.143005 632.499817 5.645247
622.164978 502.353271 6.209313
668.403992 38.886700 7.803510
597.712402 146.220795 2.295475
201.979919 771.862061 8.598532
730.605042 190.344788 7.000364
316.729736 113.464775 8.995895
110.188606 480.181580 3.432884
205.729370 291.981659 6.918787
938.060974 227.479187 5.562232
772.893433 927.622253 2.279067
298.709259 559.787231 6.800679
865.945496 238.191162 7.065965
626.772095 825.903564 8.316972
767.834900 37.883488 6.313664
615.230530 758.488586 7.969892
288.603485 85.218307 8.920078
179.267685 185.406906 4.238072
444.181793 381.136261 6.827701
108.671967 329.197235 8.824958
605.448303 112.090698 8.252101
744.724548 400.799988 4.301167
396.353973 276.745514 6.396800
76.870117 893.517639 4.889792
873.607056 671.352600 5.145864
472.206024 296.583099 3.019739
251.149780 575.186584 3.710520
133.558319 744.454285 5.321400
486.148468 198.636078 8.729794
140.720245 297.308044 2.661197
12.771238 892.756348 3.598764
802.444397 647.480896 7.187744
181.904846 53.834881 9.637447
769.556396 120.705002 8.751385
213.111542 984.312073 5.825031
664.550171 466.518066 8.456917
884.477295 707.667847 4.647406
199.622818 831.226135 2.392395
670.175232 327.374603 4.124767
531.863892 458.094879 6.763310
712.749756 460.866089 5.870256
15.726328 273.310547 2.724673
689.502869 445.215393 3.127238
650.024902 224.771790 4.143917
514.064636 427.883331 4.091681
59.456940 102.433479 8.284193
871.432312 976.910828 5.691347
288.594330 186.533615 4.233220
440.210632 846.708801 7.147885
780.463013 388.572693 2.263042
428.023438 111.322426 6.403649
958.340210 117.048752 8.821807
166.137939 796.551636 3.818683
397.770538 456.576569 5.791077
740.108154 960.641296 9.628781
96.757736 30.098186 1.477660
889.925476 891.530518 1.357453
420.761017 190.124863 2.978680
772.822754 620.335449 1.662741
462.259125 410.798492 5.139429
599.790344 828.821899 6.069941
208.187683 797.162170 7.053041
79.895569 953.300110 5.276475
386.818817 361.070587 9.377688
908.513916 111.178703 9.108068
868.092224 197.936447 9.292643
920.104126 97.861893 8.388330
959.026794 508.622925 1.042539
194.483093 291.445679 6.647660
266.648193 743.704834 1.328463
717.385986 353.495148 8.848256
289.446198 551.682861 7.077296
948.555176 621.578430 6.740256
434.215759 18.397243 9.964374
366.452942 916.911133 1.893566
269.331329 795.003418 3.619513
192.307968 725.107544 4.426408
16.815098 694.134338 9.005598
21.447081 878.617432 2.590303
636.414551 155.265656 9.328408
672.180542 862.651611 3.482956
546.768372 162.097824 8.457594
228.518402 120.652985 5.074131
853.568542 544.868713 5.151248
849.689270 901.321655 4.480023
946.988647 180.653030 2.689239
252.224518 362.960999 9.256553
625.322266 369.776123 6.539419
517.042908 381.223175 5.516518
690.209290 27.637724 6.850590
617.080383 689.818237 5.681065
887.446655 246.586609 7.077881
719.495789 465.105011 8.094082
183.123291 328.673553 4.006142
635.148071 188.362793 3.191749
34.083984 145.351456 4.758971
218.023285 387.575958 8.000450
137.070129 22.898235 2.304516
740.251282 529.941162 5.713708
252.049942 230.150391 5.875688
889.114197 837.230713 3.118916
418.830109 734.677368 5.291650
100.643860 464.173157 9.471186
873.110596 637.296509 3.397780
220.446045 282.444550 5.035806
459.103180 306.528534 6.278829
868.413330 514.551880 9.746364
650.684509 641.621948 9.864817
792.731750 391.873291 5.639787
326.002197 633.923218 7.661576
856.910400 533.037415 6.258593
107.636757 941.867615 3.913794
574.949768 52.511429 8.084772
517.367798 915.622009 4.845657
778.459351 146.068054 7.347699
237.913757 595.171204 1.070921
812.719604 473.584595 5.704560
785.101379 134.269104 2.505170
770.381409 917.000854 6.012169
295.602661 253.003067 2.742076
40.974228 119.913429 7.545482
613.576538 217.550201 7.103449
930.856323 782.499939 7.493860
722.309265 309.867737 6.810797
161.058624 98.327110 8.060402
852.252563 326.240845 4.434423
859.975037 148.960449 8.691833
392.249359 924.061890 9.833079
556.145630 704.443298 9.162680
121.915184 10.045940 2.394340
311.607941 41.020168 3.403749
44.338165 644.596741 5.309822
708.935913 585.453064 3.404209
436.045135 317.762299 6.158097
88.776360 468.820923 6.969264
857.575623 331.073486 9.873517
251.546143 201.048553 2.149684
109.101250 583.297913 1.544130
90.925438 149.443558 7.921670
979.750488 261.358765 7.922092
151.578598 562.966675 8.206971
413.320160 597.304871 5.034901
882.611938 316.240814 1.319674
164.403580 742.285950 4.146062
726.062988 821.062317 8.359724
396.049561 688.637939 2.308358
382.276947 930.184082 4.062885
507.464783 49.285324 9.327867
566.714478 130.210754 1.608470
340.407471 119.961243 3.916867
114.146416 261.539856 8.995132
898.905518 664.860046 5.388749
358.261353 557.471863 8.201164
393.070282 711.875488 5.926239
735.641479 447.938507 4.374771
557.033630 833.988037 1.607160
699.499268 226.264969 1.057830
53.013454 723.729797 1.418614
959.825623 300.444244 2.522590
46.081242 630.851685 3.532439
363.695648 734.998108 5.842498
254.276794 643.903625 2.856519
732.162781 12.165035 7.884322
536.289612 395.235321 5.330117
92.702370 140.876801 9.352001
460.177460 687.910461 7.919238
526.290466 397.409698 9.905345
532.587524 440.423126 7.460007
578.169983 410.248749 1.127351
743.963135 446.329956 6.829051
39.717548 800.025635 4.487197
567.011841 64.302429 1.308761
769.166077 786.465210 1.328644
538.792236 332.754822 4.866520
30.293898 415.457214 6.068449
939.734009 865.634644 3.294158
713.162170 401.925079 6.852002
702.855347 924.512634 1.804868
426.278259 512.682617 5.480621
440.145416 266.645721 9.487733
94.864288 296.363281 7.743070
474.581299 853.375061 8.241766
508.201996 632.541199 6.372569
543.987671 181.333405 9.336644
965.008789 201.627319 4.060231
536.906555 151.361343 2.918100
786.714844 854.523560 6.517412
443.932831 567.378906 5.915997
531.573975 983.657166 1.532470
39.463814 433.802582 3.889421
963.683655 518.666870 6.519287
717.929138 983.248169 5.264568
526.476929 501.450165 1.981783
131.490082 55.437881 3.555253
59.258011 30.446638 5.315096
392.483154 557.353210 6.613312
601.342896 354.068085 5.369141
222.127716 788.000916 1.487926
757.425171 329.574890 1.429676
815.405212 359.038727 5.321740
150.031006 332.722382 9.993171
751.020081 60.651447 9.931164
235.384125 577.128418 5.444482
342.289368 698.618530 5.861769
620.528076 747.876526 6.049544
110.394035 150.359634 2.076257
721.621399 741.702576 5.236066
217.372192 953.830261 3.380973
270.501953 721.255493 6.315845
317.288910 546.660706 9.521302
787.878357 686.691711 3.485079
787.134705 447.711731 3.950245
779.639282 673.095825 9.158567
283.593964 25.385254 6.482615
812.986572 635.913330 4.259032
382.825775 736.307312 5.548049
500.018219 467.928680 3.267766
961.278809 675.300842 2.935595
240.540283 935.802856 9.467533
819.376709 263.091736 5.396049
767.251770 60.970112 2.610565
57.849297 838.104858 6.630367
379.098236 627.744080 3.720023
287.475586 901.338074 3.861316
884.471497 724.324646 9.609500
259.343811 117.150406 7.279669
754.575867 607.168640 2.485137
21.510391 578.447388 8.595043
232.275208 808.987671 8.097314
174.295486 638.364380 1.421626
652.976440 415.616211 1.889719
828.349121 463.465485 9.494763
461.433563 832.563721 6.167923
757.613831 130.039307 5.353681
89.179359 24.510757 2.913805
46.658211 273.854584 3.897840
730.444397 38.430416 9.382042
892.159241 49.940807 5.602477
739.175049 272.216034 3.940119
531.993652 436.511475 9.710813
577.903992 99.487946 4.435859
674.784424 917.837097 8.600338
619.769714 389.270630 7.154495
202.499191 156.884445 8.256897
676.566711 236.063812 8.390160
884.958862 272.722015 1.813313
220.501450 13.166426 2.074409
153.212646 895.325684 2.441212
654.371277 644.500732 4.849319
974.517639 186.494370 8.766260
943.028320 754.398315 9.588089
337.155243 439.182800 8.925368
184.747650 68.952560 3.408466
854.903748 261.451752 4.757404
665.099243 928.018433 6.833501
489.805389 822.977295 9.246254
578.366150 53.478764 9.275333
695.357361 196.691422 8.405876
852.289368 841.062683 5.232923
291.437378 825.580261 6.853790
157.096863 778.608643 4.690102
112.244316 125.763878 8.631577
975.228882 300.511536 9.172977
257.484009 165.415298 2.482228
666.623596 820.514526 1.913010
321.826996 320.319885 9.379128
239.752441 888.686035 9.778422
160.844315 594.043457 2.492936
967.261841 456.332794 1.125144
448.180176 737.770142 8.615168
105.592857 884.867004 6.673819
507.403900 987.111328 7.736956
358.397766 972.340210 1.404919
268.344177 239.824158 2.832202
429.742340 896.447754 1.275703
529.158936 228.274750 4.125580
461.552917 458.027191 3.195146
437.425598 608.871521 8.558809
599.989746 586.133423 3.657784
613.616577 44.313568 1.341388
462.823700 139.906418 9.375880
100.639488 637.310303 9.349352
834.219177 985.708069 9.187170
878.310364 264.052246 2.297800
97.816826 683.794556 1.438647
127.837814 222.953552 3.443211
468.178711 674.506470 7.557746
707.205688 121.932091 4.057587
550.276062 711.921875 9.348608
839.679260 335.538422 9.663732
876.852539 788.362061 1.856750
808.892883 879.001587 7.617764
738.044556 723.220764 7.578348
649.536377 611.531128 9.911481
790.852417 699.347900 7.099391
838.616089 817.185791 9.055086
124.654633 295.364441 6.157697
838.720398 12.570126 7.185645
191.657562 552.846191 4.631866
120.728180 402.525421 7.621504
84.112358 289.378021 5.769727
177.402954 108.270889 4.750354
898.003845 836.315491 2.300341
634.312866 495.851837 7.824606
624.674133 296.704193 5.155352
308.829987 145.320328 3.568282
205.939407 259.974976 6.188976
767.555237 108.695305 6.212580
461.103241 290.352875 2.197902
856.572998 401.081055 5.802727
597.581177 475.193420 8.368443
136.951538 642.596375 9.270931
545.323486 550.600220 7.859542
686.916138 194.913132 3.321447
450.039886 809.587219 5.954445
902.511597 128.417236 7.197183
202.169006 324.356628 9.492871
767.190857 101.911903 1.399257
354.782898 553.015137 3.973926
485.221069 419.588165 7.565486
28.184713 27.169388 2.837671
830.526367 154.120926 8.647230
751.138855 689.444397 4.611925
518.066833 386.360504 6.310107
770.846619 826.400391 4.653255
330.330627 738.911987 5.740760
25.134991 931.080994 8.627709
949.914307 708.271912 9.471799
13.388918 73.054749 5.458672
337.216400 548.275818 9.220196
72.124954 566.460510 9.377874
272.226898 406.986877 1.701433
124.925217 168.125763 7.941229
518.223755 676.192566 2.397601
116.435440 457.039246 9.895156
514.234375 777.369873 7.589245
50.450523 792.504883 7.048152
881.023315 752.419128 4.460853
823.508057 755.808044 5.039927
329.007843 103.024506 9.983277
244.095856 165.149460 6.093629
176.353241 427.376373 9.739427
252.731552 542.301575 2.191602
28.554243 70.525345 8.309697
180.737457 176.960785 3.415160
169.321060 681.195129 1.462434
886.816650 721.645691 8.648704
565.393188 612.669006 6.466839
942.241638 446.177002 4.316097
402.144836 765.184875 5.170403
400.323853 19.280731 6.595246
954.963440 185.633972 1.428294
926.589905 428.365540 6.316778
76.342102 446.919769 6.872622
872.286926 617.657166 8.405935
155.270966 776.978271 5.569973
205.624908 673.794861 3.105494
58.483730 249.188095 8.640209
653.761780 201.429749 3.645917
34.847832 593.574585 1.581288
488.958466 983.898438 1.666519
118.218513 948.861877 3.279485
164.854950 885.451782 7.121617
743.792969 951.793823 2.134145
403.256317 834.080750 7.714671
229.680435 979.351746 5.758348
727.299683 194.976624 2.854424
956.564636 243.460358 5.051049
808.498596 887.222046 6.809077
116.609528 912.069885 3.168436
179.905350 411.028381 3.112401
252.481888 519.246887 2.734602
500.692413 674.101807 1.774465
187.268463 427.894745 1.423592
310.764282 821.151062 8.991680
61.917278 60.831501 8.893890
580.048584 778.131165 1.592655
781.974670 744.695862 3.736679
243.088959 563.194458 2.792800
875.632935 669.804016 2.077115
131.751556 839.709351 5.760029
361.768555 102.191223 1.436786
550.647461 592.883667 7.535680
634.978088 770.152100 2.373489
681.102539 90.916374 9.822835
571.307739 142.833649 1.289655
450.864716 712.882202 8.343922
515.398254 504.856873 6.091128
813.392151 737.945862 2.171486
28.608131 623.578796 8.230909
145.894012 745.330383 6.850689
664.208252 117.098946 7.697343
711.769409 657.746399 4.050357
443.432281 302.724487 2.031345
592.989990 973.827026 2.774455
573.698730 555.134766 3.994356
605.238892 15.999512 1.449396
424.910400 521.397705 5.994000
979.277710 344.789917 3.679218
126.839478 363.398041 9.314125
914.205200 499.292084 7.067160
571.280334 173.500320 8.050721
320.546570 875.269714 4.999413
652.696472 328.701965 7.687699
764.998596 911.691895 7.539171
958.216980 495.390594 3.545511
304.269073 110.629562 3.600609
353.203339 525.539978 8.297119
896.994507 514.817688 2.371720
208.731537 631.657166 5.617212
134.047394 555.862366 1.110711
794.693604 137.142670 2.612245
582.438782 447.689209 1.558599
37.930374 110.385735 4.485454
766.146423 865.384277 3.766298
498.189575 833.601257 8.223967
775.367432 147.870346 9.148116
78.544899 491.073669 4.882667
873.120117 398.068176 9.518747
42.485210 596.799683 6.227844
545.248352 720.847107 2.240865
557.303589 525.540710 3.408502
732.859192 117.979507 7.428097
793.684387 145.909882 8.350007
193.211655 902.056335 7.205577
494.430786 410.245880 5.769262
301.040527 195.613327 7.035418
208.279877 264.158234 2.453442
631.059143 147.278336 6.017333
578.656067 179.763535 2.406310
167.910156 715.011902 8.934498
303.026611 282.315521 4.669055
565.285706 25.174706 5.660704
285.234039 808.859131 6.908855
105.568123 12.070787 6.101210
781.286499 496.501587 9.776937
320.606140 787.542175 2.481549
977.796143 985.821960 4.815656
156.059784 626.881104 6.076375
702.391602 215.537231 7.635428
855.523132 373.447388 5.110027
739.501770 666.473999 7.610884
159.021088 241.759735 7.750244
666.519958 516.993774 6.086705
329.928650 612.561951 6.105722
885.393677 403.848389 1.573594
861.104614 714.454529 8.714287
42.428844 702.250671 8.675918
457.911346 848.310425 5.341153
30.672142 560.702087 7.228740
753.196533 426.225220 1.566522
220.732758 175.726990 7.595364
940.584534 324.748077 9.723770
695.611084 981.268005 5.379836
269.496674 321.196655 1.913567
825.453125 216.590347 5.530542
887.911072 87.694939 3.000023
747.911255 120.123779 9.357427
603.733398 568.035095 8.056196
96.436691 588.707214 4.113664
774.677185 351.903748 7.936141
836.365112 562.636475 9.458123
574.526978 513.221069 3.348666
544.448608 218.832123 3.268475
41.364006 478.328796 6.126403
140.841309 313.781921 8.023662
634.166992 211.693039 8.737186
851.947266 949.604248 9.748528
781.978149 563.337646 5.873339
570.319458 649.774414 2.187998
909.362854 434.451569 5.327930
684.631531 280.816650 1.403163
625.627136 845.343628 6.024581
881.370789 399.792236 7.942427
148.382462 431.156250 3.243406
706.590820 561.997559 6.033240
491.389496 206.164566 7.885523
353.883118 68.111794 7.514542
326.500488 840.089905 3.596215
857.153015 420.409363 9.471693
986.512756 339.772247 4.369718
477.776276 34.403748 6.856810
521.676270 650.030823 5.528333
88.797363 541.401672 9.108058
844.750549 679.784058 3.975819
109.032524 396.374908 9.045184
657.096436 877.764343 1.846696
426.853363 241.647491 2.380375
156.214569 558.148010 1.003650
438.913452 425.300964 4.772716
381.386719 421.813782 7.801237
748.311584 889.590027 8.025352
406.053040 421.266327 4.903187
899.138184 500.063721 9.783406
802.015564 354.814270 6.934484
146.049210 453.846771 1.482826
42.080414 120.943192 9.452090
134.276184 537.796570 2.579465
284.583740 684.011108 7.613477
284.981232 132.924545 2.427466
695.788086 504.311249 6.209429
456.367188 262.622833 5.287297
241.350052 658.675903 9.064233
666.363708 567.814026 4.564817
642.779114 379.829651 7.731479
308.978516 515.878906 2.807623
361.552856 547.959290 3.826489
301.891571 672.235413 8.673599
473.877777 946.819214 5.863498
214.011978 241.800430 6.992397
369.447144 927.588501 2.531990
936.696106 393.955688 4.851995
423.535065 625.305725 1.809223
321.640411 301.669495 6.932005
709.809387 934.448608 1.328400
462.792694 253.427124 5.974226
659.622742 604.979980 1.914668
967.396057 896.871582 7.996422
822.965820 380.749359 7.599864
372.546661 584.761353 9.728643
45.052101 944.208496 9.155477
211.868790 890.904480 3.681600
631.308350 324.439575 9.332367
719.423645 636.079956 3.010965
385.353119 355.889404 2.500799
421.112213 808.682129 4.736354
962.750122 478.304871 1.200456
82.347290 455.700928 9.345195
844.179871 288.666718 3.750036
582.831665 651.213379 9.028456
553.283936 686.265503 8.607922
461.324677 888.134277 7.697861
753.321106 529.442566 1.585572
680.623291 258.866241 7.335286
899.595032 634.219360 1.511821
83.015335 65.331573 8.846657
489.862762 38.081688 4.147416
511.690155 110.428978 8.240587
440.389160 944.608887 1.799772
739.837524 537.440552 7.688467
634.047180 100.724525 4.899068
482.465271 552.049194 3.963566
231.787933 315.370331 8.733957
295.550171 985.993652 2.019464
985.392395 895.588684 7.752090
61.124062 968.604004 8.260238
915.537842 468.466766 8.518130
278.256500 970.156982 9.440437
86.676071 420.546143 9.023581
173.762344 170.383636 4.867423
902.062012 794.430786 5.700607
346.627197 286.896088 1.678610
669.326599 508.684021 4.483031
531.468628 794.234192 4.446238
642.476929 789.626587 3.579195
397.704529 840.750671 3.382701
208.263718 766.288513 7.593111
46.904617 54.544994 7.410879
965.974487 131.221054 2.181200
859.653198 294.983429 3.654111
300.772583 207.045425 1.858067
812.616455 543.672607 4.400990
886.509460 222.999237 8.980742
285.772858 744.467834 7.182892
661.029907 396.944794 5.342729
941.875610 784.649292 3.972072
221.325317 982.913025 1.917578
939.241821 39.817635 2.326665
657.315247 15.792120 3.439920
785.934753 865.445312 6.057114
94.937965 176.217911 7.866715
188.371964 978.834351 3.767790
558.702026 875.343811 5.723906
447.716187 171.116699 3.469018
140.964508 822.146606 7.022593
613.839417 774.022217 5.136719
937.464966 985.347534 5.071635
57.379086 934.589355 5.345470
201.838165 601.904602 5.398663
467.518311 397.839355 4.254794
38.181843 482.777344 5.781285
785.890808 661.149292 5.678743
107.272392 229.851379 4.625778
621.653198 667.567566 6.105421
890.501892 798.532043 4.563910
566.295349 422.371490 2.580441
36.738091 369.836517 2.537715
480.093842 417.215607 2.028841
953.267273 609.053711 7.464700
452.232788 86.572044 2.026490
806.643616 114.753883 6.368323
347.272430 890.644714 3.348266
856.735535 987.917053 5.367309
271.542511 619.570312 2.406195
827.466187 520.072144 9.647817
235.536438 96.367546 4.434901
407.628967 123.105637 7.739522
575.069031 593.199524 2.479257
687.098450 556.466736 7.980772
411.032471 18.699512 8.683984
522.805847 815.343140 9.646009
127.356575 172.615601 8.733562
383.056610 39.351147 8.714434
858.608032 300.893646 5.312529
31.727060 138.359833 9.996865
973.378113 363.896271 1.790037
367.400726 761.525269 2.828762
121.259819 346.594269 8.184675
282.334503 43.692707 4.203248
62.462917 444.725159 4.283141
899.163391 957.531006 2.679150
860.617737 94.887604 4.172558
722.716797 467.944214 4.442109
582.732971 336.552277 7.113582
72.319412 358.279358 8.292397
71.978073 341.657471 2.542465
158.004272 699.058228 9.444227
357.136108 810.318054 3.535399
159.467438 102.652519 3.844822
508.265503 155.115448 7.837195
865.763123 64.278824 7.539011
68.603821 914.896606 8.318591
414.060120 647.613342 3.524201
788.867615 240.346329 6.523150
474.568756 302.665741 9.721635
288.629700 364.643799 3.767468
456.586975 512.648071 1.095554
396.069458 859.784241 8.445414
672.146240 29.251638 9.296305
981.915710 527.517151 1.628997
746.410339 403.280243 2.127476
478.435944 461.884033 1.437751
295.349243 865.944153 7.293384
570.206665 664.811768 9.408809
191.616455 149.380524 3.096556
161.305542 428.010254 6.353488
462.652100 874.597168 1.969645
473.056885 280.666656 9.773786
303.779694 942.812866 9.950586
227.155029 934.728577 5.703295
295.645782 691.138916 9.315052
418.415405 179.574829 4.465007
466.081573 464.924042 3.325719
171.361115 45.130745 9.339296
106.987000 226.747192 1.619322
335.278625 378.052734 5.458191
918.214050 830.704834 4.398370
43.797615 313.761719 6.884084
19.165363 607.541443 6.450733
13.784747 824.696411 5.943138
525.921265 130.342209 3.198495
451.338013 538.757629 4.755815
828.638794 14.839178 8.933689
101.883751 176.200302 9.256318
29.940483 273.187317 2.246853
97.377747 598.465942 5.626930
582.825256 526.679993 4.164015
952.869934 560.477600 6.953663
613.581299 569.642944 3.441288
227.105530 573.427734 1.923194
765.358337 109.348991 3.028377
24.750002 550.687012 7.884315
433.716492 389.325806 7.928756
317.607056 481.209564 9.455085
236.628357 501.150024 2.872111
372.396851 588.527771 8.276390
876.218079 181.352997 4.021410
240.744095 144.222931 9.076817
889.031860 747.804199 5.216395
174.860962 964.909790 1.390732
275.386505 740.268127 2.303120
496.254272 755.018127 7.268613
265.879639 198.734604 1.752217
40.344181 506.341675 6.079652
961.009033 732.969971 1.590214
184.861160 115.366875 6.903224
977.179199 981.584900 8.476873
326.177246 232.329041 9.709534
225.652878 131.360870 7.485286
684.771484 296.221832 7.254866
727.317810 561.608337 4.961410
869.213135 67.862610 2.803412
571.795471 323.742218 4.536690
653.703491 354.086395 9.094930
226.821198 325.095428 6.734450
291.088867 499.956604 7.702105
933.884338 487.135803 7.624824
768.032837 803.312988 9.666620
736.404236 38.965912 1.781159
462.579895 713.737366 4.409727
163.665298 451.055206 9.475518
595.018738 330.268311 1.006909
791.390381 892.063782 3.888216
196.496552 555.767273 7.048193
97.944412 772.588501 9.941926
722.362244 73.677383 5.441528
472.147034 17.561745 9.823387
213.516708 775.594543 8.108915
177.215408 521.998779 8.374928
262.274994 974.578735 5.837823
633.556396 148.244019 9.888330
576.446167 733.262817 3.829570
577.198425 534.653198 2.930155
891.692993 721.149719 7.942304
570.274048 809.094177 5.945667
563.950500 541.456421 6.530459
