# Input for omp-c-ray
# Generated by ./gendna 30
s  0.000000 0.000000 2.000000  0.500000  0.2 0 0  50 0.2
s  -0.000000 0.000000 -2.000000  0.500000  0 0 0.2  50 0.2
s  0.778837 0.250000 1.842122  0.500000  0.2 0 0  50 0.2
s  -0.778837 0.250000 -1.842122  0.500000  0 0 0.2  50 0.2
s  1.434712 0.500000 1.393413  0.500000  0.2 0 0  50 0.2
s  -1.434712 0.500000 -1.393413  0.500000  0 0 0.2  50 0.2
s  1.864078 0.750000 0.724716  0.500000  0.2 0 0  50 0.2
s  -1.864078 0.750000 -0.724716  0.500000  0 0 0.2  50 0.2
s  1.999147 1.000000 -0.058399  0.500000  0.2 0 0  50 0.2
s  -1.999147 1.000000 0.058399  0.500000  0 0 0.2  50 0.2
s  1.818595 1.250000 -0.832294  0.500000  0.2 0 0  50 0.2
s  -1.818595 1.250000 0.832294  0.500000  0 0 0.2  50 0.2
s  1.350926 1.500000 -1.474787  0.500000  0.2 0 0  50 0.2
s  -1.350926 1.500000 1.474787  0.500000  0 0 0.2  50 0.2
s  0.669976 1.750000 -1.884445  0.500000  0.2 0 0  50 0.2
s  -0.669976 1.750000 1.884445  0.500000  0 0 0.2  50 0.2
s  -0.116748 2.000000 -1.996590  0.500000  0.2 0 0  50 0.2
s  0.116748 2.000000 1.996590  0.500000  0 0 0.2  50 0.2
s  -0.885041 2.250000 -1.793517  0.500000  0.2 0 0  50 0.2
s  0.885041 2.250000 1.793517  0.500000  0 0 0.2  50 0.2
s  -1.513605 2.500000 -1.307287  0.500000  0.2 0 0  50 0.2
s  1.513605 2.500000 1.307287  0.500000  0 0 0.2  50 0.2
s  -1.903204 2.750000 -0.614666  0.500000  0.2 0 0  50 0.2
s  1.903204 2.750000 0.614666  0.500000  0 0 0.2  50 0.2
s  -1.992329 3.000000 0.174998  0.500000  0.2 0 0  50 0.2
s  1.992329 3.000000 -0.174998  0.500000  0 0 0.2  50 0.2
s  -1.766909 3.250000 0.937033  0.500000  0.2 0 0  50 0.2
s  1.766909 3.250000 -0.937033  0.500000  0 0 0.2  50 0.2
s  -1.262533 3.500000 1.551132  0.500000  0.2 0 0  50 0.2
s  1.262533 3.500000 -1.551132  0.500000  0 0 0.2  50 0.2
s  -0.558831 3.750000 1.920341  0.500000  0.2 0 0  50 0.2
s  0.558831 3.750000 -1.920341  0.500000  0 0 0.2  50 0.2
s  0.233098 4.000000 1.986370  0.500000  0.2 0 0  50 0.2
s  -0.233098 4.000000 -1.986370  0.500000  0 0 0.2  50 0.2
s  0.988227 4.250000 1.738795  0.500000  0.2 0 0  50 0.2
s  -0.988227 4.250000 -1.738795  0.500000  0 0 0.2  50 0.2
s  1.587336 4.500000 1.216703  0.500000  0.2 0 0  50 0.2
s  -1.587336 4.500000 -1.216703  0.500000  0 0 0.2  50 0.2
s  1.935839 4.750000 0.502520  0.500000  0.2 0 0  50 0.2
s  -1.935839 4.750000 -0.502520  0.500000  0 0 0.2  50 0.2
s  1.978716 5.000000 -0.291000  0.500000  0.2 0 0  50 0.2
s  -1.978716 5.000000 0.291000  0.500000  0 0 0.2  50 0.2
s  1.709198 5.250000 -1.038577  0.500000  0.2 0 0  50 0.2
s  -1.709198 5.250000 1.038577  0.500000  0 0 0.2  50 0.2
s  1.169834 5.500000 -1.622186  0.500000  0.2 0 0  50 0.2
s  -1.169834 5.500000 1.622186  0.500000  0 0 0.2  50 0.2
s  0.445780 5.750000 -1.949687  0.500000  0.2 0 0  50 0.2
s  -0.445780 5.750000 1.949687  0.500000  0 0 0.2  50 0.2
s  -0.348654 6.000000 -1.969376  0.500000  0.2 0 0  50 0.2
s  0.348654 6.000000 1.969376  0.500000  0 0 0.2  50 0.2
s  -1.088042 6.250000 -1.678143  0.500000  0.2 0 0  50 0.2
s  1.088042 6.250000 1.678143  0.500000  0 0 0.2  50 0.2
s  -1.655653 6.500000 -1.121969  0.500000  0.2 0 0  50 0.2
s  1.655653 6.500000 1.121969  0.500000  0 0 0.2  50 0.2
s  -1.961872 6.750000 -0.388660  0.500000  0.2 0 0  50 0.2
s  1.961872 6.750000 0.388660  0.500000  0 0 0.2  50 0.2
s  -1.958355 7.000000 0.406010  0.500000  0.2 0 0  50 0.2
s  1.958355 7.000000 -0.406010  0.500000  0 0 0.2  50 0.2
s  -1.645657 7.250000 1.136579  0.500000  0.2 0 0  50 0.2
s  1.645657 7.250000 -1.136579  0.500000  0 0 0.2  50 0.2
s 10010 0 0   10000   0.3 0.5 0.3     8.0   0.1
s 0 0 10010   10000   0.5 0.3 0.3    40.0   0.1
s 0 -10003 0  10000   0.2 0.35 0.5   80.0   0.05
l -50 50 -20
l -20 100 -50
c  -10 5 -15   90  0 2 0
