# Input for omp-c-ray
# Generated by ./genspheres 10
s  0.000000 0.800000 0.000000  0.500000  0.0 0.0 0.2  40 0.9
s  0.000000 -0.800000 0.000000  0.500000  0.0 0.0 0.2  40 0.9
s  0.000000 0.800000 1.000000  0.500000  0.0 0.0 0.2  40 0.9
s  0.000000 -0.800000 1.000000  0.500000  0.0 0.0 0.2  40 0.9
s  0.000000 0.800000 2.000000  0.500000  0.0 0.0 0.2  40 0.9
s  0.000000 -0.800000 2.000000  0.500000  0.0 0.0 0.2  40 0.9
s  0.000000 0.800000 3.000000  0.500000  0.0 0.0 0.2  40 0.9
s  0.000000 -0.800000 3.000000  0.500000  0.0 0.0 0.2  40 0.9
s  0.000000 0.800000 4.000000  0.500000  0.0 0.0 0.2  40 0.9
s  0.000000 -0.800000 4.000000  0.500000  0.0 0.0 0.2  40 0.9
s  0.000000 0.800000 5.000000  0.500000  0.0 0.0 0.2  40 0.9
s  0.000000 -0.800000 5.000000  0.500000  0.0 0.0 0.2  40 0.9
s  0.000000 0.800000 6.000000  0.500000  0.0 0.0 0.2  40 0.9
s  0.000000 -0.800000 6.000000  0.500000  0.0 0.0 0.2  40 0.9
s  0.000000 0.800000 7.000000  0.500000  0.0 0.0 0.2  40 0.9
s  0.000000 -0.800000 7.000000  0.500000  0.0 0.0 0.2  40 0.9
s  0.000000 0.800000 8.000000  0.500000  0.0 0.0 0.2  40 0.9
s  0.000000 -0.800000 8.000000  0.500000  0.0 0.0 0.2  40 0.9
s  0.000000 0.800000 9.000000  0.500000  0.0 0.0 0.2  40 0.9
s  0.000000 -0.800000 9.000000  0.500000  0.0 0.0 0.2  40 0.9
s  1.000000 0.800000 0.000000  0.500000  0.0 0.0 0.2  40 0.9
s  1.000000 -0.800000 0.000000  0.500000  0.0 0.0 0.2  40 0.9
s  1.000000 0.800000 1.000000  0.500000  0.0 0.0 0.2  40 0.9
s  1.000000 -0.800000 1.000000  0.500000  0.0 0.0 0.2  40 0.9
s  1.000000 0.800000 2.000000  0.500000  0.0 0.0 0.2  40 0.9
s  1.000000 -0.800000 2.000000  0.500000  0.0 0.0 0.2  40 0.9
s  1.000000 0.800000 3.000000  0.500000  0.0 0.0 0.2  40 0.9
s  1.000000 -0.800000 3.000000  0.500000  0.0 0.0 0.2  40 0.9
s  1.000000 0.800000 4.000000  0.500000  0.0 0.0 0.2  40 0.9
s  1.000000 -0.800000 4.000000  0.500000  0.0 0.0 0.2  40 0.9
s  1.000000 0.800000 5.000000  0.500000  0.0 0.0 0.2  40 0.9
s  1.000000 -0.800000 5.000000  0.500000  0.0 0.0 0.2  40 0.9
s  1.000000 0.800000 6.000000  0.500000  0.0 0.0 0.2  40 0.9
s  1.000000 -0.800000 6.000000  0.500000  0.0 0.0 0.2  40 0.9
s  1.000000 0.800000 7.000000  0.500000  0.0 0.0 0.2  40 0.9
s  1.000000 -0.800000 7.000000  0.500000  0.0 0.0 0.2  40 0.9
s  1.000000 0.800000 8.000000  0.500000  0.0 0.0 0.2  40 0.9
s  1.000000 -0.800000 8.000000  0.500000  0.0 0.0 0.2  40 0.9
s  1.000000 0.800000 9.000000  0.500000  0.0 0.0 0.2  40 0.9
s  1.000000 -0.800000 9.000000  0.500000  0.0 0.0 0.2  40 0.9
s  2.000000 0.800000 0.000000  0.500000  0.0 0.0 0.2  40 0.9
s  2.000000 -0.800000 0.000000  0.500000  0.0 0.0 0.2  40 0.9
s  2.000000 0.800000 1.000000  0.500000  0.0 0.0 0.2  40 0.9
s  2.000000 -0.800000 1.000000  0.500000  0.0 0.0 0.2  40 0.9
s  2.000000 0.800000 2.000000  0.500000  0.0 0.0 0.2  40 0.9
s  2.000000 -0.800000 2.000000  0.500000  0.0 0.0 0.2  40 0.9
s  2.000000 0.800000 3.000000  0.500000  0.0 0.0 0.2  40 0.9
s  2.000000 -0.800000 3.000000  0.500000  0.0 0.0 0.2  40 0.9
s  2.000000 0.800000 4.000000  0.500000  0.0 0.0 0.2  40 0.9
s  2.000000 -0.800000 4.000000  0.500000  0.0 0.0 0.2  40 0.9
s  2.000000 0.800000 5.000000  0.500000  0.0 0.0 0.2  40 0.9
s  2.000000 -0.800000 5.000000  0.500000  0.0 0.0 0.2  40 0.9
s  2.000000 0.800000 6.000000  0.500000  0.0 0.0 0.2  40 0.9
s  2.000000 -0.800000 6.000000  0.500000  0.0 0.0 0.2  40 0.9
s  2.000000 0.800000 7.000000  0.500000  0.0 0.0 0.2  40 0.9
s  2.000000 -0.800000 7.000000  0.500000  0.0 0.0 0.2  40 0.9
s  2.000000 0.800000 8.000000  0.500000  0.0 0.0 0.2  40 0.9
s  2.000000 -0.800000 8.000000  0.500000  0.0 0.0 0.2  40 0.9
s  2.000000 0.800000 9.000000  0.500000  0.0 0.0 0.2  40 0.9
s  2.000000 -0.800000 9.000000  0.500000  0.0 0.0 0.2  40 0.9
s  3.000000 0.800000 0.000000  0.500000  0.0 0.0 0.2  40 0.9
s  3.000000 -0.800000 0.000000  0.500000  0.0 0.0 0.2  40 0.9
s  3.000000 0.800000 1.000000  0.500000  0.0 0.0 0.2  40 0.9
s  3.000000 -0.800000 1.000000  0.500000  0.0 0.0 0.2  40 0.9
s  3.000000 0.800000 2.000000  0.500000  0.0 0.0 0.2  40 0.9
s  3.000000 -0.800000 2.000000  0.500000  0.0 0.0 0.2  40 0.9
s  3.000000 0.800000 3.000000  0.500000  0.0 0.0 0.2  40 0.9
s  3.000000 -0.800000 3.000000  0.500000  0.0 0.0 0.2  40 0.9
s  3.000000 0.800000 4.000000  0.500000  0.0 0.0 0.2  40 0.9
s  3.000000 -0.800000 4.000000  0.500000  0.0 0.0 0.2  40 0.9
s  3.000000 0.800000 5.000000  0.500000  0.0 0.0 0.2  40 0.9
s  3.000000 -0.800000 5.000000  0.500000  0.0 0.0 0.2  40 0.9
s  3.000000 0.800000 6.000000  0.500000  0.0 0.0 0.2  40 0.9
s  3.000000 -0.800000 6.000000  0.500000  0.0 0.0 0.2  40 0.9
s  3.000000 0.800000 7.000000  0.500000  0.0 0.0 0.2  40 0.9
s  3.000000 -0.800000 7.000000  0.500000  0.0 0.0 0.2  40 0.9
s  3.000000 0.800000 8.000000  0.500000  0.0 0.0 0.2  40 0.9
s  3.000000 -0.800000 8.000000  0.500000  0.0 0.0 0.2  40 0.9
s  3.000000 0.800000 9.000000  0.500000  0.0 0.0 0.2  40 0.9
s  3.000000 -0.800000 9.000000  0.500000  0.0 0.0 0.2  40 0.9
s  4.000000 0.800000 0.000000  0.500000  0.0 0.0 0.2  40 0.9
s  4.000000 -0.800000 0.000000  0.500000  0.0 0.0 0.2  40 0.9
s  4.000000 0.800000 1.000000  0.500000  0.0 0.0 0.2  40 0.9
s  4.000000 -0.800000 1.000000  0.500000  0.0 0.0 0.2  40 0.9
s  4.000000 0.800000 2.000000  0.500000  0.0 0.0 0.2  40 0.9
s  4.000000 -0.800000 2.000000  0.500000  0.0 0.0 0.2  40 0.9
s  4.000000 0.800000 3.000000  0.500000  0.0 0.0 0.2  40 0.9
s  4.000000 -0.800000 3.000000  0.500000  0.0 0.0 0.2  40 0.9
s  4.000000 0.800000 4.000000  0.500000  0.0 0.0 0.2  40 0.9
s  4.000000 -0.800000 4.000000  0.500000  0.0 0.0 0.2  40 0.9
s  4.000000 0.800000 5.000000  0.500000  0.0 0.0 0.2  40 0.9
s  4.000000 -0.800000 5.000000  0.500000  0.0 0.0 0.2  40 0.9
s  4.000000 0.800000 6.000000  0.500000  0.0 0.0 0.2  40 0.9
s  4.000000 -0.800000 6.000000  0.500000  0.0 0.0 0.2  40 0.9
s  4.000000 0.800000 7.000000  0.500000  0.0 0.0 0.2  40 0.9
s  4.000000 -0.800000 7.000000  0.500000  0.0 0.0 0.2  40 0.9
s  4.000000 0.800000 8.000000  0.500000  0.0 0.0 0.2  40 0.9
s  4.000000 -0.800000 8.000000  0.500000  0.0 0.0 0.2  40 0.9
s  4.000000 0.800000 9.000000  0.500000  0.0 0.0 0.2  40 0.9
s  4.000000 -0.800000 9.000000  0.500000  0.0 0.0 0.2  40 0.9
s  5.000000 0.800000 0.000000  0.500000  0.0 0.0 0.2  40 0.9
s  5.000000 -0.800000 0.000000  0.500000  0.0 0.0 0.2  40 0.9
s  5.000000 0.800000 1.000000  0.500000  0.0 0.0 0.2  40 0.9
s  5.000000 -0.800000 1.000000  0.500000  0.0 0.0 0.2  40 0.9
s  5.000000 0.800000 2.000000  0.500000  0.0 0.0 0.2  40 0.9
s  5.000000 -0.800000 2.000000  0.500000  0.0 0.0 0.2  40 0.9
s  5.000000 0.800000 3.000000  0.500000  0.0 0.0 0.2  40 0.9
s  5.000000 -0.800000 3.000000  0.500000  0.0 0.0 0.2  40 0.9
s  5.000000 0.800000 4.000000  0.500000  0.0 0.0 0.2  40 0.9
s  5.000000 -0.800000 4.000000  0.500000  0.0 0.0 0.2  40 0.9
s  5.000000 0.800000 5.000000  0.500000  0.0 0.0 0.2  40 0.9
s  5.000000 -0.800000 5.000000  0.500000  0.0 0.0 0.2  40 0.9
s  5.000000 0.800000 6.000000  0.500000  0.0 0.0 0.2  40 0.9
s  5.000000 -0.800000 6.000000  0.500000  0.0 0.0 0.2  40 0.9
s  5.000000 0.800000 7.000000  0.500000  0.0 0.0 0.2  40 0.9
s  5.000000 -0.800000 7.000000  0.500000  0.0 0.0 0.2  40 0.9
s  5.000000 0.800000 8.000000  0.500000  0.0 0.0 0.2  40 0.9
s  5.000000 -0.800000 8.000000  0.500000  0.0 0.0 0.2  40 0.9
s  5.000000 0.800000 9.000000  0.500000  0.0 0.0 0.2  40 0.9
s  5.000000 -0.800000 9.000000  0.500000  0.0 0.0 0.2  40 0.9
s  6.000000 0.800000 0.000000  0.500000  0.0 0.0 0.2  40 0.9
s  6.000000 -0.800000 0.000000  0.500000  0.0 0.0 0.2  40 0.9
s  6.000000 0.800000 1.000000  0.500000  0.0 0.0 0.2  40 0.9
s  6.000000 -0.800000 1.000000  0.500000  0.0 0.0 0.2  40 0.9
s  6.000000 0.800000 2.000000  0.500000  0.0 0.0 0.2  40 0.9
s  6.000000 -0.800000 2.000000  0.500000  0.0 0.0 0.2  40 0.9
s  6.000000 0.800000 3.000000  0.500000  0.0 0.0 0.2  40 0.9
s  6.000000 -0.800000 3.000000  0.500000  0.0 0.0 0.2  40 0.9
s  6.000000 0.800000 4.000000  0.500000  0.0 0.0 0.2  40 0.9
s  6.000000 -0.800000 4.000000  0.500000  0.0 0.0 0.2  40 0.9
s  6.000000 0.800000 5.000000  0.500000  0.0 0.0 0.2  40 0.9
s  6.000000 -0.800000 5.000000  0.500000  0.0 0.0 0.2  40 0.9
s  6.000000 0.800000 6.000000  0.500000  0.0 0.0 0.2  40 0.9
s  6.000000 -0.800000 6.000000  0.500000  0.0 0.0 0.2  40 0.9
s  6.000000 0.800000 7.000000  0.500000  0.0 0.0 0.2  40 0.9
s  6.000000 -0.800000 7.000000  0.500000  0.0 0.0 0.2  40 0.9
s  6.000000 0.800000 8.000000  0.500000  0.0 0.0 0.2  40 0.9
s  6.000000 -0.800000 8.000000  0.500000  0.0 0.0 0.2  40 0.9
s  6.000000 0.800000 9.000000  0.500000  0.0 0.0 0.2  40 0.9
s  6.000000 -0.800000 9.000000  0.500000  0.0 0.0 0.2  40 0.9
s  7.000000 0.800000 0.000000  0.500000  0.0 0.0 0.2  40 0.9
s  7.000000 -0.800000 0.000000  0.500000  0.0 0.0 0.2  40 0.9
s  7.000000 0.800000 1.000000  0.500000  0.0 0.0 0.2  40 0.9
s  7.000000 -0.800000 1.000000  0.500000  0.0 0.0 0.2  40 0.9
s  7.000000 0.800000 2.000000  0.500000  0.0 0.0 0.2  40 0.9
s  7.000000 -0.800000 2.000000  0.500000  0.0 0.0 0.2  40 0.9
s  7.000000 0.800000 3.000000  0.500000  0.0 0.0 0.2  40 0.9
s  7.000000 -0.800000 3.000000  0.500000  0.0 0.0 0.2  40 0.9
s  7.000000 0.800000 4.000000  0.500000  0.0 0.0 0.2  40 0.9
s  7.000000 -0.800000 4.000000  0.500000  0.0 0.0 0.2  40 0.9
s  7.000000 0.800000 5.000000  0.500000  0.0 0.0 0.2  40 0.9
s  7.000000 -0.800000 5.000000  0.500000  0.0 0.0 0.2  40 0.9
s  7.000000 0.800000 6.000000  0.500000  0.0 0.0 0.2  40 0.9
s  7.000000 -0.800000 6.000000  0.500000  0.0 0.0 0.2  40 0.9
s  7.000000 0.800000 7.000000  0.500000  0.0 0.0 0.2  40 0.9
s  7.000000 -0.800000 7.000000  0.500000  0.0 0.0 0.2  40 0.9
s  7.000000 0.800000 8.000000  0.500000  0.0 0.0 0.2  40 0.9
s  7.000000 -0.800000 8.000000  0.500000  0.0 0.0 0.2  40 0.9
s  7.000000 0.800000 9.000000  0.500000  0.0 0.0 0.2  40 0.9
s  7.000000 -0.800000 9.000000  0.500000  0.0 0.0 0.2  40 0.9
s  8.000000 0.800000 0.000000  0.500000  0.0 0.0 0.2  40 0.9
s  8.000000 -0.800000 0.000000  0.500000  0.0 0.0 0.2  40 0.9
s  8.000000 0.800000 1.000000  0.500000  0.0 0.0 0.2  40 0.9
s  8.000000 -0.800000 1.000000  0.500000  0.0 0.0 0.2  40 0.9
s  8.000000 0.800000 2.000000  0.500000  0.0 0.0 0.2  40 0.9
s  8.000000 -0.800000 2.000000  0.500000  0.0 0.0 0.2  40 0.9
s  8.000000 0.800000 3.000000  0.500000  0.0 0.0 0.2  40 0.9
s  8.000000 -0.800000 3.000000  0.500000  0.0 0.0 0.2  40 0.9
s  8.000000 0.800000 4.000000  0.500000  0.0 0.0 0.2  40 0.9
s  8.000000 -0.800000 4.000000  0.500000  0.0 0.0 0.2  40 0.9
s  8.000000 0.800000 5.000000  0.500000  0.0 0.0 0.2  40 0.9
s  8.000000 -0.800000 5.000000  0.500000  0.0 0.0 0.2  40 0.9
s  8.000000 0.800000 6.000000  0.500000  0.0 0.0 0.2  40 0.9
s  8.000000 -0.800000 6.000000  0.500000  0.0 0.0 0.2  40 0.9
s  8.000000 0.800000 7.000000  0.500000  0.0 0.0 0.2  40 0.9
s  8.000000 -0.800000 7.000000  0.500000  0.0 0.0 0.2  40 0.9
s  8.000000 0.800000 8.000000  0.500000  0.0 0.0 0.2  40 0.9
s  8.000000 -0.800000 8.000000  0.500000  0.0 0.0 0.2  40 0.9
s  8.000000 0.800000 9.000000  0.500000  0.0 0.0 0.2  40 0.9
s  8.000000 -0.800000 9.000000  0.500000  0.0 0.0 0.2  40 0.9
s  9.000000 0.800000 0.000000  0.500000  0.0 0.0 0.2  40 0.9
s  9.000000 -0.800000 0.000000  0.500000  0.0 0.0 0.2  40 0.9
s  9.000000 0.800000 1.000000  0.500000  0.0 0.0 0.2  40 0.9
s  9.000000 -0.800000 1.000000  0.500000  0.0 0.0 0.2  40 0.9
s  9.000000 0.800000 2.000000  0.500000  0.0 0.0 0.2  40 0.9
s  9.000000 -0.800000 2.000000  0.500000  0.0 0.0 0.2  40 0.9
s  9.000000 0.800000 3.000000  0.500000  0.0 0.0 0.2  40 0.9
s  9.000000 -0.800000 3.000000  0.500000  0.0 0.0 0.2  40 0.9
s  9.000000 0.800000 4.000000  0.500000  0.0 0.0 0.2  40 0.9
s  9.000000 -0.800000 4.000000  0.500000  0.0 0.0 0.2  40 0.9
s  9.000000 0.800000 5.000000  0.500000  0.0 0.0 0.2  40 0.9
s  9.000000 -0.800000 5.000000  0.500000  0.0 0.0 0.2  40 0.9
s  9.000000 0.800000 6.000000  0.500000  0.0 0.0 0.2  40 0.9
s  9.000000 -0.800000 6.000000  0.500000  0.0 0.0 0.2  40 0.9
s  9.000000 0.800000 7.000000  0.500000  0.0 0.0 0.2  40 0.9
s  9.000000 -0.800000 7.000000  0.500000  0.0 0.0 0.2  40 0.9
s  9.000000 0.800000 8.000000  0.500000  0.0 0.0 0.2  40 0.9
s  9.000000 -0.800000 8.000000  0.500000  0.0 0.0 0.2  40 0.9
s  9.000000 0.800000 9.000000  0.500000  0.0 0.0 0.2  40 0.9
s  9.000000 -0.800000 9.000000  0.500000  0.0 0.0 0.2  40 0.9
s  0   -10050 0    10000    0.2 0.35 0.5    80.0    0.4
l -50 100 -50
l 10 0 0
c  -1.5 0 -1.5   170  0 0 0
