# Input for omp-c-ray
# Generated by ./gensphfract 4
s 0.000000 0.000000 0.000000 1.000000 0.25 0.25 0.25 50.0 0.65
s 1.400000 0.000000 0.000000 0.400000 0.25 0.25 0.25 50.0 0.65
s 1.960000 0.000000 0.000000 0.160000 0.25 0.25 0.25 50.0 0.65
s 2.184000 0.000000 0.000000 0.064000 0.25 0.25 0.25 50.0 0.65
s 1.960000 0.224000 0.000000 0.064000 0.25 0.25 0.25 50.0 0.65
s 1.960000 -0.224000 0.000000 0.064000 0.25 0.25 0.25 50.0 0.65
s 1.960000 0.000000 0.224000 0.064000 0.25 0.25 0.25 50.0 0.65
s 1.960000 0.000000 -0.224000 0.064000 0.25 0.25 0.25 50.0 0.65
s 1.400000 0.560000 0.000000 0.160000 0.25 0.25 0.25 50.0 0.65
s 1.624000 0.560000 0.000000 0.064000 0.25 0.25 0.25 50.0 0.65
s 1.176000 0.560000 0.000000 0.064000 0.25 0.25 0.25 50.0 0.65
s 1.400000 0.784000 0.000000 0.064000 0.25 0.25 0.25 50.0 0.65
s 1.400000 0.560000 0.224000 0.064000 0.25 0.25 0.25 50.0 0.65
s 1.400000 0.560000 -0.224000 0.064000 0.25 0.25 0.25 50.0 0.65
s 1.400000 -0.560000 0.000000 0.160000 0.25 0.25 0.25 50.0 0.65
s 1.624000 -0.560000 0.000000 0.064000 0.25 0.25 0.25 50.0 0.65
s 1.176000 -0.560000 0.000000 0.064000 0.25 0.25 0.25 50.0 0.65
s 1.400000 -0.784000 0.000000 0.064000 0.25 0.25 0.25 50.0 0.65
s 1.400000 -0.560000 0.224000 0.064000 0.25 0.25 0.25 50.0 0.65
s 1.400000 -0.560000 -0.224000 0.064000 0.25 0.25 0.25 50.0 0.65
s 1.400000 0.000000 0.560000 0.160000 0.25 0.25 0.25 50.0 0.65
s 1.624000 0.000000 0.560000 0.064000 0.25 0.25 0.25 50.0 0.65
s 1.176000 0.000000 0.560000 0.064000 0.25 0.25 0.25 50.0 0.65
s 1.400000 0.224000 0.560000 0.064000 0.25 0.25 0.25 50.0 0.65
s 1.400000 -0.224000 0.560000 0.064000 0.25 0.25 0.25 50.0 0.65
s 1.400000 0.000000 0.784000 0.064000 0.25 0.25 0.25 50.0 0.65
s 1.400000 0.000000 -0.560000 0.160000 0.25 0.25 0.25 50.0 0.65
s 1.624000 0.000000 -0.560000 0.064000 0.25 0.25 0.25 50.0 0.65
s 1.176000 0.000000 -0.560000 0.064000 0.25 0.25 0.25 50.0 0.65
s 1.400000 0.224000 -0.560000 0.064000 0.25 0.25 0.25 50.0 0.65
s 1.400000 -0.224000 -0.560000 0.064000 0.25 0.25 0.25 50.0 0.65
s 1.400000 0.000000 -0.784000 0.064000 0.25 0.25 0.25 50.0 0.65
s -1.400000 0.000000 0.000000 0.400000 0.25 0.25 0.25 50.0 0.65
s -1.960000 0.000000 0.000000 0.160000 0.25 0.25 0.25 50.0 0.65
s -2.184000 0.000000 0.000000 0.064000 0.25 0.25 0.25 50.0 0.65
s -1.960000 0.224000 0.000000 0.064000 0.25 0.25 0.25 50.0 0.65
s -1.960000 -0.224000 0.000000 0.064000 0.25 0.25 0.25 50.0 0.65
s -1.960000 0.000000 0.224000 0.064000 0.25 0.25 0.25 50.0 0.65
s -1.960000 0.000000 -0.224000 0.064000 0.25 0.25 0.25 50.0 0.65
s -1.400000 0.560000 0.000000 0.160000 0.25 0.25 0.25 50.0 0.65
s -1.176000 0.560000 0.000000 0.064000 0.25 0.25 0.25 50.0 0.65
s -1.624000 0.560000 0.000000 0.064000 0.25 0.25 0.25 50.0 0.65
s -1.400000 0.784000 0.000000 0.064000 0.25 0.25 0.25 50.0 0.65
s -1.400000 0.560000 0.224000 0.064000 0.25 0.25 0.25 50.0 0.65
s -1.400000 0.560000 -0.224000 0.064000 0.25 0.25 0.25 50.0 0.65
s -1.400000 -0.560000 0.000000 0.160000 0.25 0.25 0.25 50.0 0.65
s -1.176000 -0.560000 0.000000 0.064000 0.25 0.25 0.25 50.0 0.65
s -1.624000 -0.560000 0.000000 0.064000 0.25 0.25 0.25 50.0 0.65
s -1.400000 -0.784000 0.000000 0.064000 0.25 0.25 0.25 50.0 0.65
s -1.400000 -0.560000 0.224000 0.064000 0.25 0.25 0.25 50.0 0.65
s -1.400000 -0.560000 -0.224000 0.064000 0.25 0.25 0.25 50.0 0.65
s -1.400000 0.000000 0.560000 0.160000 0.25 0.25 0.25 50.0 0.65
s -1.176000 0.000000 0.560000 0.064000 0.25 0.25 0.25 50.0 0.65
s -1.624000 0.000000 0.560000 0.064000 0.25 0.25 0.25 50.0 0.65
s -1.400000 0.224000 0.560000 0.064000 0.25 0.25 0.25 50.0 0.65
s -1.400000 -0.224000 0.560000 0.064000 0.25 0.25 0.25 50.0 0.65
s -1.400000 0.000000 0.784000 0.064000 0.25 0.25 0.25 50.0 0.65
s -1.400000 0.000000 -0.560000 0.160000 0.25 0.25 0.25 50.0 0.65
s -1.176000 0.000000 -0.560000 0.064000 0.25 0.25 0.25 50.0 0.65
s -1.624000 0.000000 -0.560000 0.064000 0.25 0.25 0.25 50.0 0.65
s -1.400000 0.224000 -0.560000 0.064000 0.25 0.25 0.25 50.0 0.65
s -1.400000 -0.224000 -0.560000 0.064000 0.25 0.25 0.25 50.0 0.65
s -1.400000 0.000000 -0.784000 0.064000 0.25 0.25 0.25 50.0 0.65
s 0.000000 1.400000 0.000000 0.400000 0.25 0.25 0.25 50.0 0.65
s 0.560000 1.400000 0.000000 0.160000 0.25 0.25 0.25 50.0 0.65
s 0.784000 1.400000 0.000000 0.064000 0.25 0.25 0.25 50.0 0.65
s 0.560000 1.624000 0.000000 0.064000 0.25 0.25 0.25 50.0 0.65
s 0.560000 1.176000 0.000000 0.064000 0.25 0.25 0.25 50.0 0.65
s 0.560000 1.400000 0.224000 0.064000 0.25 0.25 0.25 50.0 0.65
s 0.560000 1.400000 -0.224000 0.064000 0.25 0.25 0.25 50.0 0.65
s -0.560000 1.400000 0.000000 0.160000 0.25 0.25 0.25 50.0 0.65
s -0.784000 1.400000 0.000000 0.064000 0.25 0.25 0.25 50.0 0.65
s -0.560000 1.624000 0.000000 0.064000 0.25 0.25 0.25 50.0 0.65
s -0.560000 1.176000 0.000000 0.064000 0.25 0.25 0.25 50.0 0.65
s -0.560000 1.400000 0.224000 0.064000 0.25 0.25 0.25 50.0 0.65
s -0.560000 1.400000 -0.224000 0.064000 0.25 0.25 0.25 50.0 0.65
s 0.000000 1.960000 0.000000 0.160000 0.25 0.25 0.25 50.0 0.65
s 0.224000 1.960000 0.000000 0.064000 0.25 0.25 0.25 50.0 0.65
s -0.224000 1.960000 0.000000 0.064000 0.25 0.25 0.25 50.0 0.65
s 0.000000 2.184000 0.000000 0.064000 0.25 0.25 0.25 50.0 0.65
s 0.000000 1.960000 0.224000 0.064000 0.25 0.25 0.25 50.0 0.65
s 0.000000 1.960000 -0.224000 0.064000 0.25 0.25 0.25 50.0 0.65
s 0.000000 1.400000 0.560000 0.160000 0.25 0.25 0.25 50.0 0.65
s 0.224000 1.400000 0.560000 0.064000 0.25 0.25 0.25 50.0 0.65
s -0.224000 1.400000 0.560000 0.064000 0.25 0.25 0.25 50.0 0.65
s 0.000000 1.624000 0.560000 0.064000 0.25 0.25 0.25 50.0 0.65
s 0.000000 1.176000 0.560000 0.064000 0.25 0.25 0.25 50.0 0.65
s 0.000000 1.400000 0.784000 0.064000 0.25 0.25 0.25 50.0 0.65
s 0.000000 1.400000 -0.560000 0.160000 0.25 0.25 0.25 50.0 0.65
s 0.224000 1.400000 -0.560000 0.064000 0.25 0.25 0.25 50.0 0.65
s -0.224000 1.400000 -0.560000 0.064000 0.25 0.25 0.25 50.0 0.65
s 0.000000 1.624000 -0.560000 0.064000 0.25 0.25 0.25 50.0 0.65
s 0.000000 1.176000 -0.560000 0.064000 0.25 0.25 0.25 50.0 0.65
s 0.000000 1.400000 -0.784000 0.064000 0.25 0.25 0.25 50.0 0.65
s 0.000000 -1.400000 0.000000 0.400000 0.25 0.25 0.25 50.0 0.65
s 0.560000 -1.400000 0.000000 0.160000 0.25 0.25 0.25 50.0 0.65
s 0.784000 -1.400000 0.000000 0.064000 0.25 0.25 0.25 50.0 0.65
s 0.560000 -1.176000 0.000000 0.064000 0.25 0.25 0.25 50.0 0.65
s 0.560000 -1.624000 0.000000 0.064000 0.25 0.25 0.25 50.0 0.65
s 0.560000 -1.400000 0.224000 0.064000 0.25 0.25 0.25 50.0 0.65
s 0.560000 -1.400000 -0.224000 0.064000 0.25 0.25 0.25 50.0 0.65
s -0.560000 -1.400000 0.000000 0.160000 0.25 0.25 0.25 50.0 0.65
s -0.784000 -1.400000 0.000000 0.064000 0.25 0.25 0.25 50.0 0.65
s -0.560000 -1.176000 0.000000 0.064000 0.25 0.25 0.25 50.0 0.65
s -0.560000 -1.624000 0.000000 0.064000 0.25 0.25 0.25 50.0 0.65
s -0.560000 -1.400000 0.224000 0.064000 0.25 0.25 0.25 50.0 0.65
s -0.560000 -1.400000 -0.224000 0.064000 0.25 0.25 0.25 50.0 0.65
s 0.000000 -1.960000 0.000000 0.160000 0.25 0.25 0.25 50.0 0.65
s 0.224000 -1.960000 0.000000 0.064000 0.25 0.25 0.25 50.0 0.65
s -0.224000 -1.960000 0.000000 0.064000 0.25 0.25 0.25 50.0 0.65
s 0.000000 -2.184000 0.000000 0.064000 0.25 0.25 0.25 50.0 0.65
s 0.000000 -1.960000 0.224000 0.064000 0.25 0.25 0.25 50.0 0.65
s 0.000000 -1.960000 -0.224000 0.064000 0.25 0.25 0.25 50.0 0.65
s 0.000000 -1.400000 0.560000 0.160000 0.25 0.25 0.25 50.0 0.65
s 0.224000 -1.400000 0.560000 0.064000 0.25 0.25 0.25 50.0 0.65
s -0.224000 -1.400000 0.560000 0.064000 0.25 0.25 0.25 50.0 0.65
s 0.000000 -1.176000 0.560000 0.064000 0.25 0.25 0.25 50.0 0.65
s 0.000000 -1.624000 0.560000 0.064000 0.25 0.25 0.25 50.0 0.65
s 0.000000 -1.400000 0.784000 0.064000 0.25 0.25 0.25 50.0 0.65
s 0.000000 -1.400000 -0.560000 0.160000 0.25 0.25 0.25 50.0 0.65
s 0.224000 -1.400000 -0.560000 0.064000 0.25 0.25 0.25 50.0 0.65
s -0.224000 -1.400000 -0.560000 0.064000 0.25 0.25 0.25 50.0 0.65
s 0.000000 -1.176000 -0.560000 0.064000 0.25 0.25 0.25 50.0 0.65
s 0.000000 -1.624000 -0.560000 0.064000 0.25 0.25 0.25 50.0 0.65
s 0.000000 -1.400000 -0.784000 0.064000 0.25 0.25 0.25 50.0 0.65
s 0.000000 0.000000 1.400000 0.400000 0.25 0.25 0.25 50.0 0.65
s 0.560000 0.000000 1.400000 0.160000 0.25 0.25 0.25 50.0 0.65
s 0.784000 0.000000 1.400000 0.064000 0.25 0.25 0.25 50.0 0.65
s 0.560000 0.224000 1.400000 0.064000 0.25 0.25 0.25 50.0 0.65
s 0.560000 -0.224000 1.400000 0.064000 0.25 0.25 0.25 50.0 0.65
s 0.560000 0.000000 1.624000 0.064000 0.25 0.25 0.25 50.0 0.65
s 0.560000 0.000000 1.176000 0.064000 0.25 0.25 0.25 50.0 0.65
s -0.560000 0.000000 1.400000 0.160000 0.25 0.25 0.25 50.0 0.65
s -0.784000 0.000000 1.400000 0.064000 0.25 0.25 0.25 50.0 0.65
s -0.560000 0.224000 1.400000 0.064000 0.25 0.25 0.25 50.0 0.65
s -0.560000 -0.224000 1.400000 0.064000 0.25 0.25 0.25 50.0 0.65
s -0.560000 0.000000 1.624000 0.064000 0.25 0.25 0.25 50.0 0.65
s -0.560000 0.000000 1.176000 0.064000 0.25 0.25 0.25 50.0 0.65
s 0.000000 0.560000 1.400000 0.160000 0.25 0.25 0.25 50.0 0.65
s 0.224000 0.560000 1.400000 0.064000 0.25 0.25 0.25 50.0 0.65
s -0.224000 0.560000 1.400000 0.064000 0.25 0.25 0.25 50.0 0.65
s 0.000000 0.784000 1.400000 0.064000 0.25 0.25 0.25 50.0 0.65
s 0.000000 0.560000 1.624000 0.064000 0.25 0.25 0.25 50.0 0.65
s 0.000000 0.560000 1.176000 0.064000 0.25 0.25 0.25 50.0 0.65
s 0.000000 -0.560000 1.400000 0.160000 0.25 0.25 0.25 50.0 0.65
s 0.224000 -0.560000 1.400000 0.064000 0.25 0.25 0.25 50.0 0.65
s -0.224000 -0.560000 1.400000 0.064000 0.25 0.25 0.25 50.0 0.65
s 0.000000 -0.784000 1.400000 0.064000 0.25 0.25 0.25 50.0 0.65
s 0.000000 -0.560000 1.624000 0.064000 0.25 0.25 0.25 50.0 0.65
s 0.000000 -0.560000 1.176000 0.064000 0.25 0.25 0.25 50.0 0.65
s 0.000000 0.000000 1.960000 0.160000 0.25 0.25 0.25 50.0 0.65
s 0.224000 0.000000 1.960000 0.064000 0.25 0.25 0.25 50.0 0.65
s -0.224000 0.000000 1.960000 0.064000 0.25 0.25 0.25 50.0 0.65
s 0.000000 0.224000 1.960000 0.064000 0.25 0.25 0.25 50.0 0.65
s 0.000000 -0.224000 1.960000 0.064000 0.25 0.25 0.25 50.0 0.65
s 0.000000 0.000000 2.184000 0.064000 0.25 0.25 0.25 50.0 0.65
s 0.000000 0.000000 -1.400000 0.400000 0.25 0.25 0.25 50.0 0.65
s 0.560000 0.000000 -1.400000 0.160000 0.25 0.25 0.25 50.0 0.65
s 0.784000 0.000000 -1.400000 0.064000 0.25 0.25 0.25 50.0 0.65
s 0.560000 0.224000 -1.400000 0.064000 0.25 0.25 0.25 50.0 0.65
s 0.560000 -0.224000 -1.400000 0.064000 0.25 0.25 0.25 50.0 0.65
s 0.560000 0.000000 -1.176000 0.064000 0.25 0.25 0.25 50.0 0.65
s 0.560000 0.000000 -1.624000 0.064000 0.25 0.25 0.25 50.0 0.65
s -0.560000 0.000000 -1.400000 0.160000 0.25 0.25 0.25 50.0 0.65
s -0.784000 0.000000 -1.400000 0.064000 0.25 0.25 0.25 50.0 0.65
s -0.560000 0.224000 -1.400000 0.064000 0.25 0.25 0.25 50.0 0.65
s -0.560000 -0.224000 -1.400000 0.064000 0.25 0.25 0.25 50.0 0.65
s -0.560000 0.000000 -1.176000 0.064000 0.25 0.25 0.25 50.0 0.65
s -0.560000 0.000000 -1.624000 0.064000 0.25 0.25 0.25 50.0 0.65
s 0.000000 0.560000 -1.400000 0.160000 0.25 0.25 0.25 50.0 0.65
s 0.224000 0.560000 -1.400000 0.064000 0.25 0.25 0.25 50.0 0.65
s -0.224000 0.560000 -1.400000 0.064000 0.25 0.25 0.25 50.0 0.65
s 0.000000 0.784000 -1.400000 0.064000 0.25 0.25 0.25 50.0 0.65
s 0.000000 0.560000 -1.176000 0.064000 0.25 0.25 0.25 50.0 0.65
s 0.000000 0.560000 -1.624000 0.064000 0.25 0.25 0.25 50.0 0.65
s 0.000000 -0.560000 -1.400000 0.160000 0.25 0.25 0.25 50.0 0.65
s 0.224000 -0.560000 -1.400000 0.064000 0.25 0.25 0.25 50.0 0.65
s -0.224000 -0.560000 -1.400000 0.064000 0.25 0.25 0.25 50.0 0.65
s 0.000000 -0.784000 -1.400000 0.064000 0.25 0.25 0.25 50.0 0.65
s 0.000000 -0.560000 -1.176000 0.064000 0.25 0.25 0.25 50.0 0.65
s 0.000000 -0.560000 -1.624000 0.064000 0.25 0.25 0.25 50.0 0.65
s 0.000000 0.000000 -1.960000 0.160000 0.25 0.25 0.25 50.0 0.65
s 0.224000 0.000000 -1.960000 0.064000 0.25 0.25 0.25 50.0 0.65
s -0.224000 0.000000 -1.960000 0.064000 0.25 0.25 0.25 50.0 0.65
s 0.000000 0.224000 -1.960000 0.064000 0.25 0.25 0.25 50.0 0.65
s 0.000000 -0.224000 -1.960000 0.064000 0.25 0.25 0.25 50.0 0.65
s 0.000000 0.000000 -2.184000 0.064000 0.25 0.25 0.25 50.0 0.65
s 0 -10002.25 0  10000  0.2 0.35 0.5  80.0  0.4
s 0  10100.00 0  10000  0.5 0.2 0.1  40.0  0.0
l -50 68 -50
l 40 40 150
c -9 8 -17 45  0 -1 0
